选项,指标,20251231,20250930,20250630,20250331,20241231,20240930,20240630,20240331,20231231,20230930,20230630,20230331,20221231,20220930,20220630,20220331,20211231,20210930,20210630,20210331,20201231,20200930,20200630,20200331,20191231,20190930,20190630,20190331,20181231,20180930,20180630,20180331,20171231,20170930,20170630,20170331,20161231,20160930,20160630,20160331,20151231,20150930,20150630,20150331,20141231,20140930,20140630,20140331,20131231,20130930,20130630,20130331,20121231,20120930,20120630,20120331,20111231,20110930,20110630,20110331,20101231,20100930,20100630,20100331,20091231,20090930,20090630,20090331,20081231,20080930,20080630,20080331,20071231,20070930,20070630,20070331,20061231,20060930,20060630,20060331,20051231,20050930,20050630,20050331,20041231,20040930,20040630,20040331,20031231,20030930,20030630,20030331,20021231,20020930,20020630,20020331,20011231,20010630,20001231,20000630,19991231,19990630,19981231,19980630,19971231,19970630,19961231,19951231,19941231,19931231
常用指标,归母净利润,292480928.6,253490590.84,126565264.82,36894968.31,315009002.14,284897171.45,131657204.34,25499904.98,422906942.83,407871829.16,199793680.75,64575642.65,-130409445.53,-59777045.21,-171355961.28,-83278347.25,43470966.41,24619072.18,34500986.16,-31909189.56,-46372731.0,-47935936.75,-88424218.55,-77241228.73,340186585.62,335996516.45,168095510.4,23569749.98,582513377.03,420848943.37,218855411.64,77961898.89,414060459.87,342303207.58,187005958.97,46734722.36,352106034.13,326097840.9,175180344.97,57795497.6,295790789.34,292282735.54,124317495.27,14316471.42,209242056.27,213541568.26,112571344.99,13591011.5,143808053.42,152515905.3,72499919.33,-2426750.31,240008243.3,260883247.31,139533530.88,-1892533.4,256127405.82,257640715.32,138780993.92,-1134981.1,230993203.69,197265171.53,96766392.54,-6739110.86,159837757.63,170506455.9,76984282.4,-4285394.81,188539068.7,166940480.2,75916786.89,-4415694.34,151177393.05,147737420.88,68514064.04,732520.92,135458872.04,107382929.31,46802639.45,-4744743.2,68816337.22,83015281.89,24930674.6,-12685610.76,4327489.02,57036774.53,16977469.61,-13340553.68,-41468079.0,-36351330.14,-55003781.42,-22771824.52,25507902.0,41691073.25,14355944.37,-18293461.86,45812050.0,25814582.13,45735199.0,25260557.05,86152837.0,45673474.0,76017465.0,33787469.79,74901840.36,38230323.83,64010876.12,43312018.0,29219011.0,24998725.0
常用指标,营业总收入,2109325107.63,1535392958.83,940007279.49,403021557.03,1931131905.5,1411834132.83,834071695.56,336454018.04,1929441918.97,1434522165.69,837333619.82,337916364.49,799904722.9,600382320.25,214104335.16,129339308.77,895205492.93,668971623.37,460752596.42,147090427.22,740843191.93,454274894.53,200095908.8,69792009.71,1606740374.5,1238941195.42,728444103.86,264215356.13,1620953548.06,1190388693.6,682270261.26,245100044.11,1783906774.03,1317451313.7,725862289.02,271687562.4,1669335602.26,1234755555.97,732115896.91,301493844.6,1664622271.7,1223041120.86,656219873.63,215733131.23,1489909996.78,1110708932.16,621820100.0,218576192.66,1294090283.92,969946924.05,569914083.07,211076749.0,1476520167.1,1405122300.15,748481634.4,189529449.67,1601227357.84,1238409673.65,677572933.75,175176291.62,1444986557.59,1028149434.77,571861253.0,130544983.42,1127916260.23,882497902.58,465054579.63,120752869.94,1118181113.7,807305285.86,433817463.0,106204976.4,1040876381.83,727149846.59,413885449.35,102973747.71,864938789.34,635011046.68,349795436.67,70720888.02,695518054.73,499572857.35,263830077.24,48652173.91,536366138.9,371396813.17,198484041.14,46366128.8,308280840.0,188311513.71,71486291.59,37045883.7,460868456.0,347352100.66,191151632.44,33747846.2,402636895.0,172288518.73,286639354.0,133153544.79,288829929.0,117446823.0,241129658.0,92861269.86,260608787.09,112721514.28,175126034.94,151576551.0,103784027.0,73179217.0
常用指标,营业成本,1632041718.93,1122454600.21,730808371.32,336315956.85,1407698412.32,972491668.65,620589088.33,287014824.37,1313179851.35,881551829.09,574359709.19,257606380.53,1019094497.92,689889354.18,426113594.49,215813777.87,938217787.74,652124887.75,432550710.31,182378580.07,833594601.76,517795265.94,304994338.17,156105785.37,1134082886.56,777964853.35,492360621.16,225044613.21,1144160215.47,737487263.78,467635231.05,194583808.15,1274481893.13,841106164.35,459122129.96,205542920.97,1185339501.39,792723494.86,503094422.08,238124788.45,1241385402.01,822585771.0,496541794.41,204305169.7,1165794546.67,798607203.92,464784773.68,201418221.42,1061303395.96,738181704.93,460687578.06,210772692.94,1134183003.5,1063068293.11,564637610.17,188548077.26,1235861745.08,892437528.81,496928073.63,173478250.69,1137188023.61,755653212.37,454761088.51,137400093.61,887881025.8,637907622.14,353085590.91,122987086.85,835594477.26,566141102.34,321518789.82,108942120.8,773441287.83,495806354.41,302079902.7,100604546.46,655604614.67,455181989.63,270706199.11,73380577.75,545727524.2,365997021.02,219098419.25,60565257.14,417215216.47,279632668.95,169389839.63,58350849.66,306132845.0,212204057.29,119621161.6,57726829.73,404821132.0,269721688.76,161451270.48,51875699.66,313584721.0,140502758.8,226321380.0,102033979.78,196662731.0,80282074.0,147741318.0,56640050.71,171780017.29,,100921936.98,91637637.0,63936235.0,42675056.0
常用指标,净利润,310789149.99,274752462.92,137066093.29,39238895.07,340105032.18,312750418.44,146445031.07,29036478.27,456122055.98,442914498.18,218553924.77,70683435.0,-136230349.78,-56688281.53,-179542888.9,-86500361.47,41820089.04,28612126.93,37798635.74,-32564970.19,-50110464.43,-47744066.35,-90447905.6,-80765446.8,363646832.57,357125494.03,179286356.17,25308688.15,605131547.72,441887616.29,230175490.58,80880015.12,438432168.99,363182463.3,199499720.76,50165811.35,375134163.68,345586556.2,185191282.69,61514095.96,312223601.4,304732433.33,125454739.62,13003230.77,221859451.66,228905923.35,120072011.89,14326194.9,161442463.18,165624905.87,78850780.75,-2547019.63,260570292.61,276792558.58,148448676.79,-1434434.27,270721645.34,271423606.99,145830242.02,-896273.28,244786000.31,210812785.14,100969311.02,-8437424.02,170880502.76,181754310.82,82152628.74,-4477451.63,204820615.68,179515714.85,82253644.52,-4136676.24,162733352.24,157376990.11,74149113.33,512463.4,143387282.83,114046207.62,49761722.73,-4615450.36,74608190.55,87897035.95,27422222.09,-12968413.89,8042065.86,61320252.73,18900696.66,-13413320.29,-41020361.0,-35725429.84,-56117303.31,-23199672.52,25901561.0,43682747.63,14747356.85,-19030131.16,45436277.0,25651046.46,50053122.0,26503257.21,90741442.0,47167046.0,78990298.0,34970983.15,77103240.55,38777463.83,64010876.12,43312018.0,29219011.0,24998725.0
常用指标,扣非净利润,261834633.4,247033611.09,123456210.76,34976239.55,316905979.37,272166562.76,124546107.46,22450414.93,391005407.86,406957274.68,201434308.59,60295564.22,-182281827.41,-66827968.99,-172099318.08,-87156761.31,-51003324.56,-707992.61,16119094.45,-39612380.77,-101858921.55,-74327857.03,-104932722.47,-83463453.83,312954319.65,320303506.33,163207160.47,23571409.3,342073538.21,333310109.13,160636073.69,32144000.34,346208321.57,346324504.75,191752103.96,44256333.45,327599911.41,324649959.62,174471994.11,58313900.18,294472650.09,287125528.23,121333842.29,12897768.26,219248598.57,212349990.03,111777210.25,12820756.38,142421720.2,155843546.16,71666877.38,-2460624.5,233949013.26,260671156.12,139308575.8,-1973755.83,256922409.16,257579250.97,138770811.61,-1237349.47,239248913.0,198368770.76,97869991.77,-6853316.31,159263935.68,170263129.84,76906698.97,-4296859.54,188775567.12,167637650.43,76594499.02,-4335022.94,152690869.95,148110509.92,68501927.76,375418.75,118053469.0,107014640.87,46535904.41,-4730614.42,70427286.47,82107506.04,24396418.31,-12664275.76,65216470.0,56941520.5,17094353.29,-13324209.68,-36563079.0,-36343630.14,-53819136.43,-22777971.17,29729560.0,41791078.59,14352053.44,,54870296.0,24612549.0,45502991.0,24898355.0,59242668.0,,,,,,,,,
常用指标,股东权益合计(净资产),4979199335.22,4995377088.02,4863200915.56,4889791790.75,4859066167.47,4836948974.63,4667574258.63,4713138730.37,4691716796.1,4679693345.7,4465073698.35,4359326371.57,4291931383.6,4371410226.53,4254225750.28,4423131619.57,4513681571.0,4475472480.48,4487832955.75,4423039010.25,4465760868.73,4486310346.68,4336102699.49,4455190257.54,4523166704.34,4488065241.26,4330288468.93,4297888759.57,4227873898.51,4308990178.19,4107262402.88,4223665418.73,4203179820.07,4279041541.96,4078527674.66,4186650029.79,4220665864.0,3279884083.53,3096594232.73,3067708909.54,3009641908.83,3008430676.53,2347843269.23,2264132386.99,2250669529.61,2253962524.13,2151288388.91,2069221418.97,2056928133.39,2063060263.37,1995833045.23,1919347217.96,1923625282.66,1943300162.93,1887256667.1,1743419818.0,1746267898.74,1751240923.6,1631570283.55,1490235931.21,1492604995.15,1461612782.72,1357361295.49,1252699760.86,1262171693.09,1281554060.3,1186681657.46,1149872129.92,1155585140.44,1131613546.97,1107371497.9,1024857900.49,1029959759.46,1209192809.95,834280494.6,759319601.11,834136184.24,802017620.0,741123789.37,715312150.76,720640606.72,735251243.86,677120374.94,731211875.27,682180700.84,755618577.02,713199021.85,680885004.58,678944693.0,730921401.0,711868217.84,733943712.33,764196345.0,781130353.87,753909795.6,722392016.12,741144041.0,729630577.34,726846005.0,720333859.21,693830602.0,697890473.0,650723427.0,672142835.3,638149432.29,609871587.71,327598621.71,78622072.0,58087856.0,47713554.0
常用指标,商誉,55012305.61,55012305.61,55012305.61,55012305.61,55012305.61,55012305.61,55012305.61,55012305.61,55012305.61,54270787.53,54270787.53,53118339.45,53118339.45,54451468.53,54451468.53,20336771.36,20336771.36,20336771.36,20336771.36,20336771.36,20336771.36,20619526.55,7495748.36,7495748.36,7495748.36,7495748.36,7495748.36,7495748.36,7495748.36,7477289.76,,,,,,,,,,,,,,,,,,,,,,,,,,,,,,,,,,,,,,,,,,,,,,,,,,,,,,,,,,,,,,,,,,,,,,,,,,,,,,,,
常用指标,经营现金流量净额,666434842.62,500926909.38,233439425.15,59298074.07,521663003.98,407773726.63,176231632.26,-23935533.32,722893531.77,666864979.25,343197497.81,131411598.17,21335960.39,85766049.77,-123051633.99,-69813685.04,93834094.07,77078850.27,50422330.11,-20556141.61,-1035807.49,-75719489.31,-158768168.25,-128502598.39,426133140.88,375139020.66,128467195.72,-54766386.79,457620470.06,414733721.35,162742115.98,-22682680.06,611385857.61,474306049.71,247111030.29,50091094.94,486973340.64,362422127.56,159465092.24,-11803250.83,635203955.67,431302828.23,107336106.35,-14394066.12,409080639.58,302481980.08,81265707.85,-87505036.69,240721955.85,208466944.58,24404253.8,-88147849.3,361327127.53,234158045.6,33845688.28,-105999755.0,277164470.02,125135352.6,2884826.97,-94681902.42,255124529.07,241731583.68,138954691.48,-27495420.33,36382328.18,106565709.55,-10811187.9,-98651440.2,207503852.4,142844354.1,27873161.89,-21069524.64,276705149.95,302625938.81,141687110.9,-7669834.12,235975719.76,192244463.09,109235294.84,-4460547.16,168716236.69,217162057.91,81840514.77,-12291118.48,211434485.0,166697308.39,80365817.21,24775039.01,23588933.0,-38271907.47,-34661403.45,-16457539.71,124349971.0,,35020837.6,,134863719.0,65961865.76,46798273.0,-19107293.91,64984808.0,15449560.0,54324521.0,,,,,,,
常用指标,基本每股收益,0.4,0.3475,0.1735,0.0506,0.43,0.3906,0.1805,0.035,0.58,0.5592,0.2739,0.0885,-0.18,-0.082,-0.2349,-0.1142,0.06,0.0338,0.0473,-0.0437,-0.06,-0.0657,-0.1212,-0.1059,0.46,0.4582,0.2286,0.0323,0.78,0.5634,0.2929,0.1043,0.55,0.4581,0.2502,0.0625,0.47,0.4364,0.2344,0.0773,0.41,0.4038,0.1758,0.0304,0.44,0.453,0.2388,0.0288,0.31,0.3236,0.1538,-0.0051,0.51,0.5535,0.296,-0.004,0.54,0.5466,0.2944,-0.0024,0.49,0.4185,0.2053,-0.0143,0.34,0.3617,0.1633,-0.0091,0.4,0.354,0.16,-0.0094,0.33,0.3225,0.151,0.001,0.3,0.355,0.155,-0.02,0.23,,0.08,,0.22,,0.056,,-0.14,,-0.18,,-0.03,,,,0.15,0.085,0.15,,0.36,,0.33,,0.34,,,,,
常用指标,每股净资产,6.551277,6.563393,6.384658,6.431215,6.385347,6.343197,6.116161,6.183274,6.151104,6.143615,5.856999,5.692706,5.598097,5.6926,5.5402,5.769618,5.8888,5.862158,5.877727,5.78855,5.844218,5.934322,5.726567,5.888055,5.976421,5.947315,5.732982,5.695991,5.462996,5.565244,5.408047,5.566496,5.538579,5.636407,5.370387,5.518207,5.563055,4.300412,4.098462,6.092075,5.976066,5.969025,4.915968,4.742594,4.71222,4.721342,4.507127,4.337134,4.3083,4.326774,4.187015,4.028053,4.033201,4.077489,3.960038,3.659993,3.664008,3.680368,3.428199,3.131358,3.133766,3.06221,2.848995,2.629402,2.643699,2.678945,2.480531,2.408112,2.417204,2.368811,2.320698,2.150267,2.159635,2.54901,1.811874,1.661912,1.82667,2.634255,2.434724,2.351475,2.36714,2.413947,2.222185,2.403816,2.446775,2.463504,2.331251,2.231159,2.275201,2.357264,2.295685,2.402096,2.477275,2.550703,2.460458,2.353587,2.413063,2.377043,2.366057,2.346969,2.263574,2.958715,2.762691,2.863344,2.718334,2.560947,1.697402,2.438119,2.278357,1.675292
常用指标,每股现金流,0.913701,0.686785,0.320052,0.081299,0.715214,0.559069,0.241618,-0.032816,0.991107,0.91429,0.470533,0.180169,0.029252,0.117587,-0.168707,-0.095716,0.128649,0.105677,0.06913,-0.028183,-0.00142,-0.103813,-0.217675,-0.17618,0.58424,0.514326,0.176132,-0.075086,0.612365,0.554976,0.217773,-0.030352,0.818126,0.634692,0.330671,0.067029,0.651643,0.484975,0.213388,-0.023691,1.274997,0.865722,0.22772,-0.030537,0.867891,0.641735,0.17241,-0.185647,0.510707,0.442276,0.051775,-0.187011,0.766579,0.496781,0.071805,-0.224885,0.588022,0.265482,0.00612,-0.200873,0.541263,0.512849,0.294801,-0.058333,0.077187,0.226086,-0.022936,-0.209295,0.440233,0.303053,0.059134,-0.0447,0.587048,0.64204,0.311845,-0.014416,0.488687,0.634679,0.360631,-0.014726,0.557003,0.716943,0.270189,-0.040578,0.698033,0.550337,0.265321,0.081792,0.077876,-0.126351,-0.114431,-0.054333,0.410531,,0.115618,,0.445241,0.217767,0.1545,-0.063081,0.214542,0.066307,0.233152,,,,,,,
常用指标,净资产收益率(ROE),6.18,5.37,2.72,0.79,6.92,6.25,2.94,0.57,9.88,9.52,4.78,1.57,-3.11,-1.41,-4.11,-1.96,1.02,0.58,0.81,-0.75,-1.05,-1.1,-2.07,-1.79,8.24,7.98,4.07,0.57,14.05,10.14,5.35,1.88,10.14,8.18,4.58,1.13,9.87,10.53,5.8,1.92,11.76,11.25,5.48,0.64,9.86,10.03,5.42,0.67,7.32,7.74,3.74,-0.13,13.23,14.3,7.77,-0.11,15.96,16.04,8.97,-0.08,16.96,14.67,7.48,-0.54,13.32,,6.58,,16.95,,6.94,,14.74,,8.32,,17.15,,6.28,,9.93,,3.61,,0.64,,2.43,,-8.4,,-7.91,,-1.33,,,,6.3,3.65,6.5,,,,11.9,,,,,,,
常用指标,总资产报酬率(ROA),8.519438,7.185019,3.757236,1.206509,9.142664,8.074703,3.993569,0.955423,12.184787,10.359829,5.029375,1.635451,-2.495475,-0.75566,-3.439146,-1.63719,1.819666,1.04118,1.085891,-0.527871,-0.523695,-0.570069,-1.69832,-1.713682,10.565467,9.657002,5.065408,0.727963,17.195962,12.264327,6.454377,2.367658,12.046624,9.260624,5.232607,1.361078,11.291254,11.405348,6.152987,2.005938,12.164138,11.645082,5.442465,0.77434,10.133109,10.409468,4.826151,0.592739,8.131844,6.863126,3.29397,0.031947,12.429079,11.20832,6.171056,0.054958,14.533115,13.483403,7.430728,0.091244,15.489918,13.843663,6.657437,-0.289472,13.935843,14.088536,6.735245,-0.063292,17.498441,14.934838,7.162366,-0.151634,19.602004,16.417751,9.231874,0.232714,20.881708,17.296937,7.817255,-0.313811,13.503093,13.588691,4.803416,-1.308886,12.808745,9.799981,3.38854,-1.297574,-5.126627,-2.47691,-5.043983,-2.005656,6.152943,7.386112,2.568621,-1.469279,9.023261,3.788979,6.581927,4.802882,15.298837,7.606293,10.729642,3.902696,14.446664,,24.806717,39.761259,32.332759,29.211688
常用指标,毛利率,46.864752,48.603619,45.432741,39.237707,51.7763,53.412862,50.208711,39.47148,54.021662,57.426042,52.678058,47.747677,20.356253,23.931214,-25.581385,-8.092841,35.630201,37.495239,42.114097,19.944702,33.808824,23.933678,3.760644,-41.15778,55.970595,57.288543,54.089347,43.088359,54.139137,57.126223,53.496862,43.093691,50.633062,52.169667,53.079271,45.703517,50.524995,52.627578,50.104711,44.351789,49.876563,52.254882,45.445312,34.129767,48.76843,49.543999,45.853517,33.337243,47.239428,37.897484,34.757369,23.631637,39.966131,40.99063,40.69806,23.777003,42.762457,43.062371,42.020219,25.027121,40.681077,41.654111,37.338978,22.094536,42.706225,42.137833,41.20255,25.599579,43.884118,45.480387,42.597275,29.212987,44.487262,47.759902,44.601907,34.728157,41.061516,43.215692,38.734297,30.6293,39.274779,45.86806,40.581783,14.53697,47.372333,46.971584,41.722219,15.236145,31.855674,27.71105,1.675056,-0.765446,38.657294,42.537741,40.508803,72.196005,47.060436,40.711891,49.437839,47.301529,52.172664,47.169078,50.520895,91.992498,90.729779,,90.251871,77.738403,77.136627,79.684431
常用指标,销售净利率,14.734056,17.894602,14.581386,9.736177,17.611693,22.152065,17.557846,8.630147,23.640102,30.875402,26.101176,20.917434,-17.236578,-9.663636,-84.27194,-67.221524,4.671563,4.277031,8.203672,-22.139421,-6.763977,-10.50995,-45.202276,-115.723056,22.632581,28.825056,24.612232,9.57881,37.331825,37.121288,33.736702,32.998776,24.577078,27.56705,27.484513,18.464522,22.472063,27.988256,25.29535,20.403101,18.756423,24.915959,19.11779,6.027461,14.890795,20.608992,19.309766,6.554325,12.475363,13.817027,11.338177,-1.051387,14.150603,19.698823,19.833309,-0.756839,16.907133,21.917109,21.522442,-0.51164,16.940365,20.504099,17.65626,-6.463231,15.150105,20.595438,17.665158,-3.707946,18.317302,22.23641,18.960427,-3.894992,15.634263,21.642992,17.91537,0.343773,17.900315,17.95269,14.198725,-6.664426,10.82763,17.722911,10.481611,-26.818918,13.344924,16.555328,9.552516,-29.032688,-20.580363,-19.013171,-78.759375,-63.189833,5.670199,12.604817,7.736365,-56.3786,11.394833,14.973339,17.499242,20.0431,31.544779,40.217833,32.969304,38.766147,30.483385,37.781485,37.860706,30.124042,29.553212,37.883046
常用指标,期间费用率,22.882037,20.325771,21.711453,21.064833,23.263298,20.854749,23.046449,22.941214,21.200898,18.149928,20.872808,22.705074,46.010294,37.326629,68.464234,54.549556,37.949613,32.482936,33.593938,40.789325,44.789057,36.835452,55.859355,81.291149,24.923035,18.616928,20.116723,26.519742,23.035049,17.474904,20.268596,25.935017,18.639945,14.326131,14.469168,19.570775,18.720522,15.151174,16.234141,18.622641,19.284548,14.542218,16.212895,23.924118,21.410301,16.681936,15.685731,20.035332,24.002192,14.4686,14.863357,18.720921,17.0018,12.467265,12.263166,19.333399,15.401839,11.192467,11.422461,19.990226,14.943871,11.288989,13.12512,23.293702,15.696956,10.617259,13.140457,23.483382,14.609571,11.678484,12.685333,27.585338,14.638227,11.905738,13.560371,28.155748,13.666926,11.418276,13.061685,32.208075,14.620747,15.68999,20.189733,35.366214,22.139056,18.057263,22.970089,37.414724,35.642164,36.88054,65.228716,52.770837,23.860064,16.851258,21.743345,121.93969,22.134535,19.212767,24.381376,20.831427,16.428781,11.620559,8.059191,50.636468,54.490681,,45.735546,36.91417,37.686085,40.084186
常用指标,资产负债率,18.51723,15.523616,15.29573,14.725552,15.233597,15.218981,16.110083,16.647472,17.02375,17.573513,17.291618,16.811095,17.636846,16.423609,16.013249,11.222483,12.357019,11.16245,11.204281,12.498072,8.747597,6.095396,7.911816,7.05432,8.94991,9.409463,9.534227,8.154817,10.10872,10.246471,12.580127,9.980741,12.037622,17.340517,18.996658,17.07707,18.110708,20.687918,24.093556,22.308337,25.443215,24.331687,31.288272,32.378482,34.415351,33.452055,36.123286,35.87549,38.691917,38.900463,39.969123,42.608407,43.082566,41.265033,41.795196,45.138274,41.67084,40.361569,40.993649,39.053998,37.16766,37.925154,38.42029,35.759388,32.878594,31.866205,31.604191,29.749231,31.753607,32.286117,30.094642,32.443963,33.206596,26.378829,34.013881,30.057663,28.197089,28.17908,29.811918,25.042069,25.277645,30.235137,29.818138,23.485631,23.351299,25.272498,22.563294,26.028368,23.133983,22.85795,23.207753,26.644974,23.871907,28.491098,29.585436,29.758416,30.073538,34.076546,24.16467,21.767922,15.716978,13.338311,17.183393,7.621695,9.141884,8.938058,24.29918,55.938069,61.289239,52.395456
每股指标,基本每股收益,0.4,0.3475,0.1735,0.0506,0.43,0.3906,0.1805,0.035,0.58,0.5592,0.2739,0.0885,-0.18,-0.082,-0.2349,-0.1142,0.06,0.0338,0.0473,-0.0437,-0.06,-0.0657,-0.1212,-0.1059,0.46,0.4582,0.2286,0.0323,0.78,0.5634,0.2929,0.1043,0.55,0.4581,0.2502,0.0625,0.47,0.4364,0.2344,0.0773,0.41,0.4038,0.1758,0.0304,0.44,0.453,0.2388,0.0288,0.31,0.3236,0.1538,-0.0051,0.51,0.5535,0.296,-0.004,0.54,0.5466,0.2944,-0.0024,0.49,0.4185,0.2053,-0.0143,0.34,0.3617,0.1633,-0.0091,0.4,0.354,0.16,-0.0094,0.33,0.3225,0.151,0.001,0.3,0.355,0.155,-0.02,0.23,,0.08,,0.22,,0.056,,-0.14,,-0.18,,-0.03,,,,0.15,0.085,0.15,,0.36,,0.33,,0.34,,,,,
每股指标,稀释每股收益,0.4,0.3475,0.1735,0.0506,0.43,0.3906,0.1805,0.035,0.58,0.5592,0.2739,0.0885,-0.18,-0.082,-0.2349,-0.1142,0.06,0.0338,0.0473,-0.0437,-0.06,-0.0657,-0.1212,-0.1059,0.46,0.4582,0.2286,0.0323,0.78,0.5634,0.2929,0.1043,0.55,0.4581,0.2502,0.0625,0.47,0.4364,0.2344,0.0773,0.41,0.4038,0.1758,0.0304,0.44,0.453,0.2388,0.0288,0.31,0.3236,0.1538,-0.0051,0.51,0.5535,0.296,-0.004,0.54,0.5466,0.2944,-0.0024,0.49,0.4185,0.2053,-0.0143,0.34,0.3617,0.1633,-0.0091,0.4,0.354,0.16,-0.0094,0.33,0.3225,0.15,,0.3,0.35,0.15,-0.02,,,,,,,,,,,,,,,,,,,,,,,,,,,,,,
每股指标,摊薄每股收益_最新股数,0.400999,0.347542,0.173524,0.050584,0.431886,0.390602,0.180505,0.034961,0.579817,0.559203,0.273922,0.088535,-0.180938,-0.083688,-0.236089,-0.114754,0.059599,0.033753,0.047301,-0.043748,-0.063578,-0.065721,-0.121232,-0.105899,0.466405,0.46066,0.230463,0.032314,0.798642,0.576995,0.300057,0.106887,0.567688,0.469307,0.25639,0.064074,0.482747,0.447089,0.240177,0.079239,0.405537,0.400727,0.170442,0.019628,0.286876,0.292771,0.154338,0.018633,0.197164,0.209103,0.099399,-0.003327,0.329058,0.357678,0.191304,-0.002594,0.351157,0.353232,0.190272,-0.001556,0.316698,0.270456,0.132669,-0.009239,0.219142,0.233769,0.105547,-0.005875,0.258492,0.22888,0.104084,-0.006054,0.207268,0.202552,0.093934,0.000519,0.190144,0.146228,0.063365,-0.006505,0.094349,0.113816,0.03418,-0.017392,0.091854,0.078199,0.023276,-0.01829,-0.083918,-0.049838,-0.075411,-0.03122,0.034972,0.057159,0.019682,-0.02508,0.062809,0.035392,0.062704,0.034632,0.118117,0.062619,0.104222,0.046323,0.102692,0.052414,0.08776,0.059382,0.04006,0.034273
每股指标,摊薄每股净资产_期末股数,6.551277,6.563393,6.384658,6.431215,6.385347,6.343197,6.116161,6.183274,6.151104,6.143615,5.856999,5.692706,5.598097,5.6926,5.5402,5.769618,5.8888,5.862158,5.877727,5.78855,5.844218,5.934322,5.726567,5.888055,5.976421,5.947315,5.732982,5.695991,5.462996,5.565244,5.408047,5.566496,5.538579,5.636407,5.370387,5.518207,5.563055,4.300412,4.098462,6.092075,5.976066,5.969025,4.915968,4.742594,4.71222,4.721342,4.507127,4.337134,4.3083,4.326774,4.187015,4.028053,4.033201,4.077489,3.960038,3.659993,3.664008,3.680368,3.428199,3.131358,3.133766,3.06221,2.848995,2.629402,2.643699,2.678945,2.480531,2.408112,2.417204,2.368811,2.320698,2.150267,2.159635,2.54901,1.811874,1.661912,1.82667,2.634255,2.434724,2.351475,2.36714,2.413947,2.222185,2.403816,2.446775,2.463504,2.331251,2.231159,2.275201,2.357264,2.295685,2.402096,2.477275,2.550703,2.460458,2.353587,2.413063,2.377043,2.366057,2.346969,2.263574,2.958715,2.762691,2.863344,2.718334,2.560947,1.697402,2.438119,2.278357,1.675292
每股指标,调整每股净资产_期末股数,5.856936,5.895578,5.771967,5.798224,5.754192,5.749014,5.527196,5.577358,5.530764,5.579325,5.284084,5.12232,5.044844,5.17085,5.019098,5.275514,5.380858,5.407538,5.43594,5.349165,5.396424,5.526181,5.332967,5.488606,5.565073,5.578597,5.358813,5.317684,5.086217,5.203451,5.21669,5.367003,5.356926,5.44771,5.17892,5.319032,5.360458,4.065984,3.855622,5.721155,5.588055,5.630326,4.557637,4.397254,4.354607,4.391979,4.170903,3.990295,3.951976,3.986551,3.838962,3.672404,3.677345,3.748844,3.628459,3.321343,3.317465,3.326648,3.063584,2.752584,2.78253,2.853315,2.645763,2.419978,2.502669,2.524013,2.334372,2.26288,2.27018,2.233361,2.18762,2.01662,2.019905,2.187947,1.682061,1.527553,1.756171,2.547811,2.343391,2.253886,2.266687,2.311982,2.110007,2.290405,2.330355,2.303241,2.164039,2.058348,2.094904,2.16641,2.093936,2.196902,2.260107,2.439888,2.346819,2.235958,2.168653,2.120077,2.15591,2.268972,2.176923,2.843546,2.64634,2.811805,2.707589,2.560947,1.684097,2.438119,2.278357,1.675292
每股指标,每股净资产_最新股数,6.551277,6.563393,6.384658,6.431215,6.385347,6.343197,6.116161,6.183274,6.151104,6.143615,5.856999,5.692706,5.598097,5.6926,5.5402,5.769618,5.8888,5.862158,5.877727,5.78855,5.844218,5.934322,5.726567,5.888055,5.976421,5.947315,5.732982,5.695991,5.597219,5.70198,5.540921,5.703262,5.67466,5.774892,5.502335,5.653787,5.699737,4.406071,4.199159,4.16117,4.08193,4.077121,3.176867,3.064827,3.045198,3.051093,2.91266,2.802804,2.784171,2.796109,2.705792,2.603066,2.606393,2.635013,2.559112,2.365213,2.367808,2.37838,2.21542,2.023591,2.025147,1.978905,1.841118,1.699209,1.708449,1.731226,1.603004,1.556205,1.56208,1.530806,1.499714,1.389576,1.39563,1.647257,1.128665,1.035249,1.137882,1.093965,1.011103,0.976531,0.983036,1.002474,0.922839,0.998267,1.016108,1.023055,0.968132,0.926565,0.944856,0.978935,0.953362,0.997553,1.028774,1.059267,1.02179,0.977408,1.002107,0.987149,0.982587,0.97466,0.940027,0.94516,0.88254,0.914694,0.86837,0.818093,0.449147,0.107793,0.07964,0.065416
每股指标,每股经营现金流,0.913701,0.686785,0.320052,0.081299,0.715214,0.559069,0.241618,-0.032816,0.991107,0.91429,0.470533,0.180169,0.029252,0.117587,-0.168707,-0.095716,0.128649,0.105677,0.06913,-0.028183,-0.00142,-0.103813,-0.217675,-0.17618,0.58424,0.514326,0.176132,-0.075086,0.612365,0.554976,0.217773,-0.030352,0.818126,0.634692,0.330671,0.067029,0.651643,0.484975,0.213388,-0.023691,1.274997,0.865722,0.22772,-0.030537,0.867891,0.641735,0.17241,-0.185647,0.510707,0.442276,0.051775,-0.187011,0.766579,0.496781,0.071805,-0.224885,0.588022,0.265482,0.00612,-0.200873,0.541263,0.512849,0.294801,-0.058333,0.077187,0.226086,-0.022936,-0.209295,0.440233,0.303053,0.059134,-0.0447,0.587048,0.64204,0.311845,-0.014416,0.488687,0.634679,0.360631,-0.014726,0.557003,0.716943,0.270189,-0.040578,0.698033,0.550337,0.265321,0.081792,0.077876,-0.126351,-0.114431,-0.054333,0.410531,,0.115618,,0.445241,0.217767,0.1545,-0.063081,0.214542,0.066307,0.233152,,,,,,,
每股指标,每股现金流量净额,-0.094533,-0.049733,-0.646961,-0.828213,-0.220015,-1.265055,-1.236684,-1.18651,0.533874,-0.391725,-0.641826,-0.601927,-0.350897,-1.121567,-1.400239,-1.548342,-0.190722,-1.890485,-1.700206,-1.903181,0.234902,-1.138683,-1.384707,-1.282043,0.022411,-1.128208,-1.122487,-1.529464,1.506535,0.193193,0.204513,-0.240869,-0.498652,-0.512748,-0.492748,0.04938,0.421484,0.287008,0.155291,-0.039737,0.848202,1.15006,-0.00858,-0.154368,-0.050087,-0.049111,-0.165685,-0.305322,-0.030329,-0.104404,-0.239787,-0.118717,0.164359,0.256868,0.080319,0.17711,-0.208629,-0.025007,0.063475,-0.077353,0.376244,0.487159,0.421597,0.002156,-0.235064,0.045369,-0.121077,-0.267554,-0.330196,-0.355297,-0.406956,-0.302508,0.380441,0.387208,-0.166289,-0.275769,0.293704,0.493799,0.292042,-0.061477,-0.136604,0.45684,0.160975,-0.131683,0.004823,0.322683,0.079147,0.053553,-0.242643,-0.368508,-0.293557,-0.10088,-0.017111,,-0.090727,,0.118188,-0.094528,0.128335,-0.07923,-0.52418,-0.540687,0.126234,,,,,,,
每股指标,每股企业自由现金流量,0.35631,,0.109262,,0.971657,,0.332168,,0.193655,,-0.011285,,-0.043605,,-0.272497,,0.142115,,-0.055057,,0.056039,,0.231674,,0.380749,,0.392613,,0.898878,,0.566369,,-0.053379,,0.189416,,0.064126,,0.153867,,-0.861739,,0.037143,,0.255984,,0.010112,,-0.041972,,-0.44195,,0.581664,,0.159692,,-0.04176,,,,0.314337,,-0.094412,,0.14666,,0.107625,,0.172213,,0.070104,,-0.352112,,0.111673,,0.338852,0.068952,0.098641,0.008384,0.073436,0.136828,0.116206,0.036599,0.015338,0.003229,0.029937,0.006748,0.737875,-0.059529,-0.040208,-0.021565,0.313235,,0.061233,,0.548095,0.170742,0.061255,0.008559,0.142832,0.008275,0.269936,,,,,,,
每股指标,每股股东自由现金流量,0.388392,,0.128785,,0.776995,,0.137506,,0.185429,,-0.013341,,0.011743,,-0.219205,,0.143212,,-0.053275,,0.061656,,0.233177,,0.381988,,0.392613,,0.898878,,0.566369,,-0.053379,,0.189416,,-0.337319,,0.147846,,-1.263184,,0.037143,,-0.088273,,0.010112,,-0.114601,,-0.439828,,1.060077,,0.560668,,0.388748,,,,0.504579,,0.163357,,0.344665,,0.192488,,0.283171,,0.053132,,-0.470919,,0.237127,,0.323445,0.052445,0.09534,0.008384,0.056268,0.112867,0.097848,0.036599,-0.126622,-0.139391,-0.106081,0.006748,0.754052,-0.068373,-0.036763,0.064436,-0.12856,,-0.156253,,0.454572,0.29465,0.691496,0.403078,0.138364,0.15849,0.246466,,,,,,,
每股指标,每股未分配利润,4.512398,4.528941,4.354923,4.403982,4.353398,4.332987,4.12289,4.186345,4.151384,4.131811,3.84653,3.661142,3.568801,3.663817,3.511417,3.736985,3.851739,3.825893,3.839441,3.748391,3.792139,3.876543,3.459425,3.583757,3.689657,3.686851,3.456654,3.387786,3.275005,3.096347,2.82605,2.877513,2.773188,2.730113,2.522302,2.524598,2.46206,2.473392,2.271442,3.351545,3.235536,3.228495,3.056054,2.882679,2.852306,2.912566,2.698352,2.528358,2.499524,2.550255,2.410496,2.251534,2.256683,2.347421,2.229969,1.929925,1.93394,1.997075,1.744906,1.333732,1.450473,1.36532,1.152106,0.932512,0.946809,1.009224,0.810811,0.738392,0.747484,0.741334,0.693221,0.52279,0.532159,0.451042,0.29658,0.146618,0.308447,0.402876,0.203344,0.120096,0.13576,0.239765,0.048003,0.189684,0.232013,0.272375,0.14513,0.049198,0.094402,0.179538,0.121078,0.228201,0.303828,0.401782,0.315533,0.211729,0.272124,0.266134,0.252743,0.266213,0.185986,0.373443,0.177419,0.372819,0.227808,0.164078,-2e-06,0.18039,0.02755,0.05409
每股指标,每股资本公积金,0.471382,0.471382,0.471382,0.471382,0.471382,0.471382,0.471382,0.471382,0.471382,0.484115,0.484115,0.503622,0.503622,0.503622,0.503622,0.503622,0.503622,0.503307,0.503307,0.503307,0.503307,0.503307,0.503307,0.503307,0.503307,0.501409,0.501409,0.507819,0.672448,0.672204,0.672204,0.672204,0.672204,0.461054,0.461054,0.461054,0.461054,0.461054,0.461054,1.191582,1.191582,1.191582,0.279696,0.279696,0.279696,0.279696,0.279696,0.279696,0.279696,0.279696,0.279696,0.279696,0.279696,0.279696,0.279696,0.279696,0.279696,0.292845,0.292845,0.407179,0.292845,0.350012,0.350012,0.350012,0.350012,0.362624,0.362624,0.362624,0.362624,0.360053,0.360053,0.360053,0.360053,0.822894,0.229929,0.229929,0.229929,0.844894,0.844894,0.844894,0.844894,0.844824,0.844824,0.843745,0.844824,0.843745,0.843745,0.843745,0.843745,0.843745,0.843745,0.835474,0.843745,0.843745,0.843745,0.843745,0.843745,0.843745,0.843745,0.843745,0.843745,1.396869,1.396869,1.396869,1.396869,1.396869,0.697405,0.317611,0.401718,0.359612
每股指标,每股盈余公积金,0.512753,0.512753,0.512753,0.512753,0.512753,0.515072,0.515072,0.515072,0.515072,0.515072,0.515072,0.515072,0.515072,0.515072,0.515072,0.515072,0.515072,0.515072,0.515072,0.515072,0.515072,0.515072,0.515072,0.515072,0.515072,0.515072,0.515072,0.515072,0.50272,0.465047,0.465047,0.465047,0.465047,0.4121,0.4121,0.4121,0.4121,0.365965,0.365965,0.548947,0.548947,0.548947,0.580217,0.580217,0.580217,0.529079,0.529079,0.529079,0.529079,0.496822,0.496822,0.496822,0.496822,0.450371,0.450371,0.450371,0.450371,0.390446,0.390446,0.390446,0.390446,0.346876,0.346876,0.346876,0.346876,0.307096,0.307096,0.307096,0.307096,0.267423,0.267423,0.267423,0.267423,0.275072,0.285365,0.285365,0.288294,0.386485,0.386485,0.386485,0.386485,0.329357,0.329357,0.370385,0.369937,0.347382,0.342375,0.338215,0.337054,0.333981,0.330861,0.33842,0.329701,0.305175,0.301179,0.298111,0.297193,0.267163,0.269569,0.23701,0.233841,0.188402,0.188402,0.093655,0.093655,,,0.940117,0.849087,0.36977
每股指标,每股留存收益,5.025151,5.041694,4.867676,4.916735,4.866151,4.848059,4.637962,4.701418,4.666457,4.646883,4.361602,4.176214,4.083873,4.178889,4.026489,4.252057,4.366812,4.340965,4.354514,4.263463,4.307212,4.391615,3.974498,4.09883,4.20473,4.201923,3.971726,3.902858,3.777726,3.561395,3.291097,3.34256,3.238235,3.142213,2.934402,2.936698,2.87416,2.839357,2.637407,3.900492,3.784484,3.777442,3.636272,3.462897,3.432524,3.441645,3.227431,3.057437,3.028603,3.047077,2.907318,2.748356,2.753505,2.797792,2.680341,2.380296,2.384312,2.387522,2.135353,1.724179,1.84092,1.712197,1.498982,1.279389,1.293686,1.316321,1.117907,1.045488,1.05458,1.008757,0.960644,0.790214,0.799582,0.726115,0.581945,0.431983,0.596741,0.789361,0.58983,0.506581,0.522245,0.569122,0.377361,0.56007,0.601951,0.619758,0.487506,0.387413,0.431456,0.513519,0.451939,0.566621,0.63353,0.706957,0.616712,0.509841,0.569317,0.533297,0.522312,0.503224,0.419828,0.561845,0.365822,0.466475,0.321464,0.164078,-2e-06,1.120507,0.876638,0.42386
每股指标,每股营业收入,2.891944,2.105067,1.288776,0.552554,2.647636,1.935664,1.143536,0.461288,2.645319,1.96677,1.148008,0.463292,1.096692,0.823141,0.293543,0.177327,1.227352,0.917179,0.631704,0.201665,1.015717,0.622823,0.274337,0.095686,2.202886,1.698623,0.998717,0.362246,2.16908,1.592919,0.91298,0.32798,2.387136,1.762948,0.971313,0.363558,2.233822,1.652288,0.979681,0.605166,3.341273,2.454919,1.392213,0.457692,3.160941,2.356441,1.319232,0.463723,2.745497,2.543123,1.475432,0.513955,3.906667,2.981059,1.587952,0.402099,3.397109,2.627367,1.437515,0.371648,3.065633,2.181286,1.213241,0.276959,2.392948,1.872277,0.986643,0.256185,2.372294,1.712751,0.920372,0.22532,2.208287,1.542696,0.910939,0.213541,1.797576,2.083887,1.143437,0.228639,2.274855,1.637343,0.863724,0.159641,1.74933,1.222832,0.653221,0.152528,0.974695,0.620331,0.235231,0.121209,1.508093,1.144126,0.629329,0.111436,1.316423,0.565571,0.944305,0.436551,0.949683,0.503343,1.028272,0.387167,1.085559,0.440498,0.876007,4.458672,3.877905,2.316977
每股指标,每股营业总收入,2.891944,2.105067,1.288776,0.552554,2.647636,1.935664,1.143536,0.461288,2.645319,1.96677,1.148008,0.463292,1.096692,0.823141,0.293543,0.177327,1.227352,0.917179,0.631704,0.201665,1.015717,0.622823,0.274337,0.095686,2.202886,1.698623,0.998717,0.362246,2.16908,1.592919,0.91298,0.32798,2.387136,1.762948,0.971313,0.363558,2.233822,1.652288,0.979681,0.605166,3.341273,2.454919,1.392213,0.457692,3.160941,2.356441,1.319232,0.463723,2.745497,2.543123,1.475432,0.513955,3.906667,2.981059,1.587952,0.402099,3.397109,2.627367,1.437515,0.371648,3.065633,2.181286,1.213241,0.276959,2.392948,1.872277,0.986643,0.256185,2.372294,1.712751,0.920372,0.22532,2.208287,1.542696,0.910939,0.213541,1.81689,2.096437,1.154821,0.233479,2.296196,1.649299,0.871013,0.160811,1.770769,1.226136,0.655279,0.153074,0.984391,0.621695,0.236006,0.122304,1.52152,1.146755,0.631071,0.111415,1.329273,0.568796,0.946316,0.439595,0.953548,0.504063,1.034891,0.398546,1.118492,0.483783,0.907388,4.700482,4.07068,2.569428
每股指标,每股息税前利润,0.691656,0.573598,0.29552,0.094836,0.713646,0.628785,0.307115,0.074067,0.90752,0.77324,0.36577,0.117166,-0.177199,-0.053772,-0.240837,-0.113717,0.125288,0.070886,0.074052,-0.036,-0.035403,-0.038083,-0.112655,-0.114668,0.700456,0.639331,0.32953,0.046822,1.090907,0.786054,0.409247,0.150023,0.800569,0.640103,0.356722,0.092914,0.694339,0.623618,0.334128,0.160758,0.91175,0.865727,0.395391,0.05569,0.729511,0.744469,0.344181,0.041385,0.580947,0.491873,0.234262,0.002278,0.840316,0.74933,0.408234,0.003598,0.827765,0.759768,0.405203,0.004665,0.699316,0.621919,0.288462,-0.011762,0.528294,0.534158,0.244937,-0.002235,0.60053,0.509051,0.237512,-0.00492,0.568696,0.493807,0.249647,0.005835,0.488947,0.594204,0.260704,-0.009939,0.417603,0.44032,0.148583,-0.040289,0.397674,0.310633,0.102364,-0.039187,-0.160715,-0.079457,-0.160101,-0.066096,0.208798,0.262408,0.090336,-0.050649,0.300627,0.12917,0.193575,0.138265,0.406324,0.259698,0.342634,0.119757,0.351901,,0.392787,2.025184,1.587026,1.028013
盈利能力,净资产收益率(ROE),6.18,5.37,2.72,0.79,6.92,6.25,2.94,0.57,9.88,9.52,4.78,1.57,-3.11,-1.41,-4.11,-1.96,1.02,0.58,0.81,-0.75,-1.05,-1.1,-2.07,-1.79,8.24,7.98,4.07,0.57,14.05,10.14,5.35,1.88,10.14,8.18,4.58,1.13,9.87,10.53,5.8,1.92,11.76,11.25,5.48,0.64,9.86,10.03,5.42,0.67,7.32,7.74,3.74,-0.13,13.23,14.3,7.77,-0.11,15.96,16.04,8.97,-0.08,16.96,14.67,7.48,-0.54,13.32,,6.58,,16.95,,6.94,,14.74,,8.32,,17.15,,6.28,,9.93,,3.61,,0.64,,2.43,,-8.4,,-7.91,,-1.33,,,,6.3,3.65,6.5,,,,11.9,,,,,,,
盈利能力,摊薄净资产收益率,6.120939,5.29517,2.717836,0.786539,6.763708,6.157811,2.951291,0.565413,9.426233,9.102195,4.676845,1.555236,-3.232135,-1.470134,-4.261382,-1.988946,1.012089,0.575785,0.804763,-0.755774,-1.087884,-1.107481,-2.117012,-1.798555,7.804093,7.745693,4.019962,0.567325,14.268556,10.119218,5.415291,1.874155,10.003923,8.126687,4.659666,1.133304,8.469642,10.14712,5.71965,1.904254,9.934945,9.828698,5.365122,0.640437,9.420627,9.595627,5.298884,0.664822,7.081638,7.478377,3.673579,-0.127816,12.625037,13.574061,7.475421,-0.109703,14.830508,14.851819,8.588559,-0.076897,15.63828,13.666957,7.205916,-0.543753,12.82696,13.5,6.58,-0.38,16.55,14.95,6.94,-0.44,14.85,15.41,8.89,0.05019,16.71,13.37,6.27,-0.67,9.6,11.35,3.7,-1.74,0.64,7.64,2.4,-2.0,-6.15,-5.1,-7.91,-3.1,-1.33,5.4,1.9,-2.566057,6.3,3.585,6.3,3.6,12.6,6.6,11.8,5.06,11.8,6.4,19.53,0.550889,0.503014,0.523933
盈利能力,净资产收益率_平均,6.199448,5.367978,2.717689,0.789354,6.890088,6.252484,2.942885,0.566888,9.86758,9.522838,4.781394,1.567884,-3.150339,-1.445229,-4.131404,-1.968613,1.015935,0.576667,0.807064,-0.752158,-1.075717,-1.103567,-2.071814,-1.785159,8.059788,7.980586,4.068131,0.572287,14.170527,10.143519,5.350716,1.878866,9.981867,8.179914,4.577554,1.128717,9.870451,10.53462,5.800618,1.922559,11.38011,11.252736,5.478656,0.642494,9.842464,10.03456,5.418398,0.667039,7.315186,7.740991,3.742318,-0.127734,13.230591,14.299065,7.76568,-0.109643,15.987321,16.043171,8.973925,-0.076867,16.964781,14.669387,7.475246,-0.542279,13.401016,14.196624,6.669497,-0.376835,17.47922,15.642237,7.189751,-0.434728,16.404389,14.579363,8.312724,0.047964,17.930416,14.080695,6.355211,-0.663939,9.862846,11.77819,3.689171,-1.803758,9.469913,8.033345,2.460607,-1.97693,-8.468301,-4.944277,-7.577385,-3.068937,3.444026,5.545777,1.944999,-2.534038,6.329397,3.59363,6.522811,3.617607,12.961708,6.852282,11.904895,5.195949,15.588791,8.27228,31.51532,63.363383,55.233689,52.39334
盈利能力,净资产收益率_平均_扣除非经常损益,5.549867,5.231244,2.65093,0.748303,6.93158,5.973092,2.783933,0.499095,9.12323,9.501486,4.820657,1.463964,-4.35128,-1.582244,-4.129023,-2.049924,-1.191969,-0.016583,0.377066,-0.933736,-2.362841,-1.711154,-2.458615,-1.928964,7.414594,7.607846,3.949826,0.572327,8.321461,8.033612,3.927333,0.774664,8.346137,8.27601,4.693731,1.06886,9.18348,10.487846,5.777163,1.939804,11.329396,11.054187,5.347167,0.578825,10.313158,9.978566,5.380174,0.629235,7.244667,7.909886,3.699318,-0.129517,12.896573,14.28744,7.75316,-0.114348,16.036945,16.039344,8.973267,-0.0838,17.571103,14.751454,7.5605,-0.551469,13.352906,14.176365,6.662776,-0.377843,17.501145,15.707561,7.253935,-0.426786,16.568618,14.616181,8.311251,0.047512,15.262693,14.128065,6.398954,-0.661962,10.093729,11.649395,3.610114,-1.800724,9.218309,8.019929,2.477548,-1.974508,-5.05859,-4.94323,-7.414186,-3.069766,4.014026,5.559079,1.944472,,7.580885,3.426296,6.489693,3.565736,8.913069,,,,,,,,,
盈利能力,摊薄净资产收益率_扣除非经常损益,5.479584,5.16029,2.651073,0.745635,6.804439,5.88265,2.791886,0.497797,8.715175,9.081786,4.71525,1.452155,-4.464258,-1.609511,-4.258926,-2.071097,-1.187457,-0.016558,0.375991,-0.938226,-2.389566,-1.717223,-2.512251,-1.943439,7.179368,7.383923,3.903058,0.567365,8.379027,8.014367,3.974729,0.772721,8.364579,8.222158,4.777927,1.073204,7.880166,10.102067,5.696522,1.921335,9.890672,9.655275,5.236358,0.576972,9.871148,9.542083,5.261503,0.627143,7.01337,7.641542,3.631369,-0.1296,12.306306,13.563026,7.463369,-0.114411,14.876541,14.848276,8.587929,-0.083833,16.197193,13.743417,7.288098,-0.552968,12.780911,13.5,6.58,-0.38,16.57,15.01,7.0,-0.44,15.0,16.45,8.32,0.049718,14.22,13.411767,6.31,-0.664167,9.82,11.22938,3.62,-1.739321,8.79,7.630912,2.42,-1.971567,-5.43,-5.090033,-7.739717,-3.130583,2.09,,1.925744,,7.6,3.42,,,,,,,,,,,,
盈利能力,息税前利润率,23.916667,27.248455,22.930336,17.163369,26.954082,32.484238,26.856639,16.056654,34.306651,39.315234,31.86133,25.28994,-16.157674,-6.532626,-82.04496,-64.128119,10.208052,7.728773,11.72257,-17.851625,-3.48555,-6.114683,-41.064466,-119.837777,31.797192,37.638186,32.995405,12.925714,50.293548,49.346761,44.825489,45.741597,33.5368,36.308691,36.725758,25.556971,31.083001,37.742673,34.105848,26.564355,27.287514,35.265013,28.400189,12.167781,23.078938,31.592928,26.089499,8.924536,21.159999,19.341298,15.877566,0.443361,21.509809,25.136391,25.708244,0.894811,24.366751,28.917485,28.187734,1.255481,22.811486,28.511569,23.776227,-4.246839,22.077135,28.529889,24.825342,-0.872726,25.31435,29.721276,25.806176,-2.183795,25.752818,32.009371,27.40545,2.732694,26.911237,28.343538,22.575308,-4.256969,18.186731,26.697421,17.058652,-25.054066,22.457706,25.334345,15.621582,-25.600061,-16.326359,-12.780845,-67.837907,-54.042558,13.722996,22.88272,14.314844,-45.459797,22.615964,22.709413,20.455687,31.452913,42.611835,51.520988,33.108255,30.048511,31.462084,,43.287715,43.084615,38.986768,40.00942
盈利能力,总资产报酬率,8.519438,7.185019,3.757236,1.206509,9.142664,8.074703,3.993569,0.955423,12.184787,10.359829,5.029375,1.635451,-2.495475,-0.75566,-3.439146,-1.63719,1.819666,1.04118,1.085891,-0.527871,-0.523695,-0.570069,-1.69832,-1.713682,10.565467,9.657002,5.065408,0.727963,17.195962,12.264327,6.454377,2.367658,12.046624,9.260624,5.232607,1.361078,11.291254,11.405348,6.152987,2.005938,12.164138,11.645082,5.442465,0.77434,10.133109,10.409468,4.826151,0.592739,8.131844,6.863126,3.29397,0.031947,12.429079,11.20832,6.171056,0.054958,14.533115,13.483403,7.430728,0.091244,15.489918,13.843663,6.657437,-0.289472,13.935843,14.088536,6.735245,-0.063292,17.498441,14.934838,7.162366,-0.151634,19.602004,16.417751,9.231874,0.232714,20.881708,17.296937,7.817255,-0.313811,13.503093,13.588691,4.803416,-1.308886,12.808745,9.799981,3.38854,-1.297574,-5.126627,-2.47691,-5.043983,-2.005656,6.152943,7.386112,2.568621,-1.469279,9.023261,3.788979,6.581927,4.802882,15.298837,7.606293,10.729642,3.902696,14.446664,,24.806717,39.761259,32.332759,29.211688
盈利能力,总资本回报率,9.951571,8.33139,4.329494,1.390318,10.54797,9.348848,4.625194,1.100917,14.093623,12.057029,5.806653,1.894934,-2.872636,-0.869534,-3.925669,-1.861567,2.082766,1.178048,1.22777,-0.599663,-0.598012,-0.639032,-1.923399,-1.93116,12.09552,11.069009,5.813166,0.828695,19.819183,14.149308,7.472356,2.700185,14.413422,11.423802,6.521149,1.675906,14.520896,15.025734,8.248176,2.65778,16.769576,15.933414,7.519034,1.076809,14.529924,13.795176,6.905361,0.844723,11.155064,8.686211,4.176572,0.040214,16.417765,14.673952,8.087363,0.071828,19.488922,17.929246,9.838075,0.119501,20.276531,18.190335,8.635903,-0.368206,18.194465,18.509667,8.834377,-0.081707,23.885627,20.433414,9.88823,-0.211613,26.693001,20.997764,12.126644,0.303776,26.422169,22.239353,10.113661,-0.391501,16.093601,16.796982,5.874765,-1.536812,15.13175,11.773215,3.977657,-1.512352,-5.939257,-2.926186,-5.951406,-2.35831,6.990273,8.600701,2.919151,-1.646205,9.709845,4.044476,7.294946,5.467956,18.263547,8.71793,12.329747,4.247765,15.8855,,29.387433,58.726236,50.610725,47.278169
盈利能力,投入资本回报率,6.051181,5.264276,2.687357,0.813808,6.668537,6.023678,2.85592,0.584657,9.272564,8.92165,4.483251,1.494496,-2.675771,-1.173687,-3.734712,-1.825012,1.216133,0.760859,0.917395,-0.654542,-1.072518,-1.101692,-2.069064,-1.859335,8.054316,7.738809,4.065548,0.506491,14.161485,10.223502,5.347285,1.880087,9.988002,8.142538,4.574615,1.122742,10.091558,10.755114,5.955713,2.002075,11.713696,11.524015,5.718312,0.871286,10.393998,9.792665,4.886939,0.639039,7.561717,5.931951,2.783213,-0.073182,11.521245,10.954989,5.874234,-0.062361,13.581651,13.003884,7.167082,-0.04864,15.004061,12.353673,6.165481,-0.384124,12.155858,12.938545,6.075153,-0.226477,16.05245,14.250274,6.771705,-0.386335,15.476006,13.415883,7.448127,0.068001,16.583831,13.089342,5.935509,-0.622769,9.298949,10.77015,3.461519,-1.693055,8.776273,7.308171,2.358906,-1.70368,-7.075404,-4.309948,-6.590832,-2.599817,3.566069,5.25502,1.790391,-1.665613,6.564145,3.301089,5.310182,3.585567,10.738651,5.450053,6.948033,3.128127,13.002869,7.737518,25.304235,43.920698,36.874208,39.669911
盈利能力,息前税后总资产报酬率_平均,5.489535,4.905077,2.515193,0.7471,6.220887,5.693112,2.72955,0.569937,8.629837,8.31115,4.237639,1.407022,-2.438444,-0.961753,-3.433009,-1.669078,1.029635,0.752871,0.87768,-0.589363,-1.015036,-0.978862,-1.868766,-1.654842,7.520627,7.395777,3.778435,0.539469,12.764195,9.225887,4.857713,1.708069,8.83864,7.031046,3.915934,0.983358,8.348172,8.457689,4.689542,1.540687,8.936819,8.227656,4.172269,0.383579,7.620554,6.790401,3.638614,0.435317,6.036042,4.902877,2.384513,-0.075759,9.367402,8.783708,4.768243,-0.046484,10.671606,10.219326,5.687576,-0.037184,12.110265,9.955672,4.958773,-0.440545,9.928643,10.170372,4.933152,-0.26891,12.766417,11.173719,5.310381,-0.270454,12.182926,11.100789,6.114387,0.029275,13.812225,10.890229,4.880724,-0.481099,8.109379,8.955373,2.980417,-1.390897,7.752302,6.38677,2.199927,-1.466313,-6.082743,-3.676642,-5.722497,-2.32414,3.177206,4.059273,1.612144,-1.822521,6.062758,3.076716,5.61868,3.039398,11.279547,5.929065,10.616272,4.891195,13.585126,7.034542,20.946317,26.370254,23.348583,24.94161
盈利能力,毛利率,46.864752,48.603619,45.432741,39.237707,51.7763,53.412862,50.208711,39.47148,54.021662,57.426042,52.678058,47.747677,20.356253,23.931214,-25.581385,-8.092841,35.630201,37.495239,42.114097,19.944702,33.808824,23.933678,3.760644,-41.15778,55.970595,57.288543,54.089347,43.088359,54.139137,57.126223,53.496862,43.093691,50.633062,52.169667,53.079271,45.703517,50.524995,52.627578,50.104711,44.351789,49.876563,52.254882,45.445312,34.129767,48.76843,49.543999,45.853517,33.337243,47.239428,37.897484,34.757369,23.631637,39.966131,40.99063,40.69806,23.777003,42.762457,43.062371,42.020219,25.027121,40.681077,41.654111,37.338978,22.094536,42.706225,42.137833,41.20255,25.599579,43.884118,45.480387,42.597275,29.212987,44.487262,47.759902,44.601907,34.728157,41.061516,43.215692,38.734297,30.6293,39.274779,45.86806,40.581783,14.53697,47.372333,46.971584,41.722219,15.236145,31.855674,27.71105,1.675056,-0.765446,38.657294,42.537741,40.508803,72.196005,47.060436,40.711891,49.437839,47.301529,52.172664,47.169078,50.520895,91.992498,90.729779,,90.251871,77.738403,77.136627,79.684431
盈利能力,销售净利率,14.734056,17.894602,14.581386,9.736177,17.611693,22.152065,17.557846,8.630147,23.640102,30.875402,26.101176,20.917434,-17.236578,-9.663636,-84.27194,-67.221524,4.671563,4.277031,8.203672,-22.139421,-6.763977,-10.50995,-45.202276,-115.723056,22.632581,28.825056,24.612232,9.57881,37.331825,37.121288,33.736702,32.998776,24.577078,27.56705,27.484513,18.464522,22.472063,27.988256,25.29535,20.403101,18.756423,24.915959,19.11779,6.027461,14.890795,20.608992,19.309766,6.554325,12.475363,13.817027,11.338177,-1.051387,14.150603,19.698823,19.833309,-0.756839,16.907133,21.917109,21.522442,-0.51164,16.940365,20.504099,17.65626,-6.463231,15.150105,20.595438,17.665158,-3.707946,18.317302,22.23641,18.960427,-3.894992,15.634263,21.642992,17.91537,0.343773,17.900315,17.95269,14.198725,-6.664426,10.82763,17.722911,10.481611,-26.818918,13.344924,16.555328,9.552516,-29.032688,-20.580363,-19.013171,-78.759375,-63.189833,5.670199,12.604817,7.736365,-56.3786,11.394833,14.973339,17.499242,20.0431,31.544779,40.217833,32.969304,38.766147,30.483385,37.781485,37.860706,30.124042,29.553212,37.883046
盈利能力,成本费用利润率,30.571888,37.005375,29.053384,19.88528,36.685794,47.052538,35.775875,18.100635,50.088654,63.648885,45.629412,32.618224,-14.011361,-6.950881,-43.504381,-40.562904,8.897157,6.755794,11.424794,-16.599715,-3.148097,-5.425202,-27.009422,-51.755935,46.113159,62.684512,49.972311,16.715876,72.999321,81.270126,67.132432,55.166656,49.271247,58.579889,59.823781,34.707107,44.832697,59.397011,50.517882,34.634636,37.454176,54.035441,36.381069,9.976766,28.376653,42.28909,36.84464,9.67845,23.356224,24.625793,19.626413,0.261283,25.246943,34.88853,35.879696,0.704445,32.188433,42.195905,40.538918,1.177923,29.513389,40.690566,31.302334,-4.919697,29.453469,40.753764,33.78951,-2.045886,35.578347,44.823601,36.572811,-2.39359,36.181021,49.760339,39.400303,2.690053,37.337412,41.976065,30.626011,-4.216641,24.102608,38.767411,21.36768,-20.496158,29.851635,35.428324,18.522851,-21.205032,-16.866557,-12.10923,-42.557161,-36.620453,14.513748,28.194009,16.103418,-35.834765,25.158465,24.543248,28.777594,40.808913,74.044144,90.431387,80.420658,77.769687,55.669623,,79.466114,70.257212,67.15309,74.541863
盈利能力,营业利润率,23.200052,26.407041,22.107858,16.22476,26.298026,31.460589,25.563144,15.000415,33.737423,38.620907,31.115903,24.446832,-17.792032,-8.077508,-84.834662,-66.220127,8.520932,5.80759,9.262758,-20.789493,-3.28721,-5.385583,-39.188705,-113.657824,31.870577,38.513257,33.020699,14.030757,50.876983,49.185567,45.074732,45.798139,33.898529,37.141754,38.057172,24.420489,30.400921,36.977658,33.273222,25.952228,25.688108,33.091714,25.133445,8.081167,21.833967,28.242496,25.548945,7.920734,17.855513,19.222488,15.563241,0.230755,19.005361,24.916092,25.637549,0.617087,23.441436,28.741543,28.132942,1.040676,22.693875,28.454395,23.995676,-5.095337,21.43229,27.885884,24.293289,-2.01525,25.186103,29.801263,25.841467,-2.430588,25.710434,31.995765,27.165467,2.518184,26.947765,28.541712,22.674843,-4.174454,18.317685,26.735343,16.82068,-24.541442,22.206179,25.090943,15.007493,-25.780348,-8.236143,-12.557401,-67.718105,-55.738943,13.173014,20.932728,13.043383,-53.334126,20.954634,18.459716,21.729625,29.526906,45.943156,54.525401,45.206211,42.292632,34.094234,39.480024,42.371825,39.684004,38.447684,41.684186
盈利能力,总资产净利率_平均,4.939287,4.353397,2.206182,0.643527,5.532981,5.016009,2.347203,0.450976,7.784894,7.492179,3.76646,1.235803,-2.548119,-1.176068,-3.371342,-1.652128,0.865616,0.495768,0.693629,-0.641478,-0.940467,-0.983775,-1.827622,-1.582632,7.035118,6.958213,3.542589,0.502402,12.287104,8.786634,4.61881,1.646443,8.33749,6.626833,3.670697,0.916101,7.662121,7.980734,4.316807,1.44755,7.921115,7.891519,3.630424,0.422318,6.166174,6.334624,3.34887,0.412978,4.27063,4.51482,2.162771,-0.072181,7.53145,8.278843,4.474912,-0.061329,9.540346,9.700389,5.399395,-0.047087,10.855027,9.315884,4.738032,-0.351871,8.945261,9.540979,4.491137,-0.257376,11.655255,10.39099,4.85695,-0.288696,11.055118,10.420849,5.576381,0.033264,13.036198,10.249872,4.575259,-0.494576,7.346183,8.457997,2.660818,-1.360566,7.12413,5.940627,1.855389,-1.458358,-6.445919,-3.741056,-5.720987,-2.281279,2.481599,3.874194,1.347619,-1.75197,4.539568,2.499914,5.133974,2.896885,10.709163,5.741318,10.216725,4.725664,13.197252,6.935287,20.946317,26.370254,23.348583,24.94161
盈利能力,总资产净利率_平均(含少数股东损益),5.248468,4.718544,2.389224,0.68441,5.973781,5.506404,2.610843,0.513522,8.396319,8.135877,4.120123,1.35269,-2.662106,-1.117839,-3.532496,-1.716164,0.832743,0.576179,0.759926,-0.654661,-1.016271,-0.979838,-1.869449,-1.654842,7.52028,7.395777,3.778435,0.539469,12.764195,9.225887,4.857713,1.708069,8.828237,7.031046,3.915934,0.983358,8.163233,8.457689,4.563497,1.540687,8.361176,8.227656,3.663634,0.383579,6.537998,6.790401,3.572006,0.435317,4.794315,4.902877,2.352225,-0.075759,8.176687,8.783708,4.760825,-0.046484,10.083958,10.219326,5.673652,-0.037184,11.50319,9.955672,4.943822,-0.440545,9.563264,10.170372,4.79265,-0.26891,12.66176,11.173719,5.262365,-0.270454,11.900168,11.100789,6.03502,0.029275,13.742053,10.890229,4.868189,-0.481099,7.964467,8.955373,2.926738,-1.390897,7.519122,6.38677,2.065569,-1.466313,-6.398769,-3.676642,-5.836805,-2.32414,2.519897,4.059273,1.384361,-1.822521,4.502332,2.484077,5.61868,3.039398,11.279547,5.929065,10.616272,4.891195,13.585126,7.034542,20.946317,26.370254,23.348583,24.94161
成长能力,归母净利润,292480928.6,253490590.84,126565264.82,36894968.31,315009002.14,284897171.45,131657204.34,25499904.98,422906942.83,407871829.16,199793680.75,64575642.65,-130409445.53,-59777045.21,-171355961.28,-83278347.25,43470966.41,24619072.18,34500986.16,-31909189.56,-46372731.0,-47935936.75,-88424218.55,-77241228.73,340186585.62,335996516.45,168095510.4,23569749.98,582513377.03,420848943.37,218855411.64,77961898.89,414060459.87,342303207.58,187005958.97,46734722.36,352106034.13,326097840.9,175180344.97,57795497.6,295790789.34,292282735.54,124317495.27,14316471.42,209242056.27,213541568.26,112571344.99,13591011.5,143808053.42,152515905.3,72499919.33,-2426750.31,240008243.3,260883247.31,139533530.88,-1892533.4,256127405.82,257640715.32,138780993.92,-1134981.1,230993203.69,197265171.53,96766392.54,-6739110.86,159837757.63,170506455.9,76984282.4,-4285394.81,188539068.7,166940480.2,75916786.89,-4415694.34,151177393.05,147737420.88,68514064.04,732520.92,135458872.04,107382929.31,46802639.45,-4744743.2,68816337.22,83015281.89,24930674.6,-12685610.76,4327489.02,57036774.53,16977469.61,-13340553.68,-41468079.0,-36351330.14,-55003781.42,-22771824.52,25507902.0,41691073.25,14355944.37,-18293461.86,45812050.0,25814582.13,45735199.0,25260557.05,86152837.0,45673474.0,76017465.0,33787469.79,74901840.36,38230323.83,64010876.12,43312018.0,29219011.0,24998725.0
成长能力,营业总收入,2109325107.63,1535392958.83,940007279.49,403021557.03,1931131905.5,1411834132.83,834071695.56,336454018.04,1929441918.97,1434522165.69,837333619.82,337916364.49,799904722.9,600382320.25,214104335.16,129339308.77,895205492.93,668971623.37,460752596.42,147090427.22,740843191.93,454274894.53,200095908.8,69792009.71,1606740374.5,1238941195.42,728444103.86,264215356.13,1620953548.06,1190388693.6,682270261.26,245100044.11,1783906774.03,1317451313.7,725862289.02,271687562.4,1669335602.26,1234755555.97,732115896.91,301493844.6,1664622271.7,1223041120.86,656219873.63,215733131.23,1489909996.78,1110708932.16,621820100.0,218576192.66,1294090283.92,969946924.05,569914083.07,211076749.0,1476520167.1,1405122300.15,748481634.4,189529449.67,1601227357.84,1238409673.65,677572933.75,175176291.62,1444986557.59,1028149434.77,571861253.0,130544983.42,1127916260.23,882497902.58,465054579.63,120752869.94,1118181113.7,807305285.86,433817463.0,106204976.4,1040876381.83,727149846.59,413885449.35,102973747.71,864938789.34,635011046.68,349795436.67,70720888.02,695518054.73,499572857.35,263830077.24,48652173.91,536366138.9,371396813.17,198484041.14,46366128.8,308280840.0,188311513.71,71486291.59,37045883.7,460868456.0,347352100.66,191151632.44,33747846.2,402636895.0,172288518.73,286639354.0,133153544.79,288829929.0,117446823.0,241129658.0,92861269.86,260608787.09,112721514.28,175126034.94,151576551.0,103784027.0,73179217.0
成长能力,净利润,310789149.99,274752462.92,137066093.29,39238895.07,340105032.18,312750418.44,146445031.07,29036478.27,456122055.98,442914498.18,218553924.77,70683435.0,-136230349.78,-56688281.53,-179542888.9,-86500361.47,41820089.04,28612126.93,37798635.74,-32564970.19,-50110464.43,-47744066.35,-90447905.6,-80765446.8,363646832.57,357125494.03,179286356.17,25308688.15,605131547.72,441887616.29,230175490.58,80880015.12,438432168.99,363182463.3,199499720.76,50165811.35,375134163.68,345586556.2,185191282.69,61514095.96,312223601.4,304732433.33,125454739.62,13003230.77,221859451.66,228905923.35,120072011.89,14326194.9,161442463.18,165624905.87,78850780.75,-2547019.63,260570292.61,276792558.58,148448676.79,-1434434.27,270721645.34,271423606.99,145830242.02,-896273.28,244786000.31,210812785.14,100969311.02,-8437424.02,170880502.76,181754310.82,82152628.74,-4477451.63,204820615.68,179515714.85,82253644.52,-4136676.24,162733352.24,157376990.11,74149113.33,512463.4,143387282.83,114046207.62,49761722.73,-4615450.36,74608190.55,87897035.95,27422222.09,-12968413.89,8042065.86,61320252.73,18900696.66,-13413320.29,-41020361.0,-35725429.84,-56117303.31,-23199672.52,25901561.0,43682747.63,14747356.85,-19030131.16,45436277.0,25651046.46,50053122.0,26503257.21,90741442.0,47167046.0,78990298.0,34970983.15,77103240.55,38777463.83,64010876.12,43312018.0,29219011.0,24998725.0
成长能力,扣非净利润,261834633.4,247033611.09,123456210.76,34976239.55,316905979.37,272166562.76,124546107.46,22450414.93,391005407.86,406957274.68,201434308.59,60295564.22,-182281827.41,-66827968.99,-172099318.08,-87156761.31,-51003324.56,-707992.61,16119094.45,-39612380.77,-101858921.55,-74327857.03,-104932722.47,-83463453.83,312954319.65,320303506.33,163207160.47,23571409.3,342073538.21,333310109.13,160636073.69,32144000.34,346208321.57,346324504.75,191752103.96,44256333.45,327599911.41,324649959.62,174471994.11,58313900.18,294472650.09,287125528.23,121333842.29,12897768.26,219248598.57,212349990.03,111777210.25,12820756.38,142421720.2,155843546.16,71666877.38,-2460624.5,233949013.26,260671156.12,139308575.8,-1973755.83,256922409.16,257579250.97,138770811.61,-1237349.47,239248913.0,198368770.76,97869991.77,-6853316.31,159263935.68,170263129.84,76906698.97,-4296859.54,188775567.12,167637650.43,76594499.02,-4335022.94,152690869.95,148110509.92,68501927.76,375418.75,118053469.0,107014640.87,46535904.41,-4730614.42,70427286.47,82107506.04,24396418.31,-12664275.76,65216470.0,56941520.5,17094353.29,-13324209.68,-36563079.0,-36343630.14,-53819136.43,-22777971.17,29729560.0,41791078.59,14352053.44,,54870296.0,24612549.0,45502991.0,24898355.0,59242668.0,,,,,,,,,
成长能力,营业总收入增长率,9.227396,8.751653,12.701016,19.785033,0.087589,-1.581574,-0.38956,-0.432753,141.208966,138.934778,291.086719,161.263468,-10.645686,-10.252946,-53.531605,-12.068167,20.836028,47.261411,130.265875,110.755397,-53.891543,-63.333619,-72.531055,-73.58518,-0.87684,4.078709,6.767676,7.798983,-9.134626,-9.644578,-6.00555,-9.786063,6.863279,6.697338,-0.854182,-9.886199,0.283147,0.957812,11.565639,39.753149,11.726364,10.113557,5.53211,-1.300718,15.131843,14.512341,9.107691,3.552946,-12.355393,-14.690597,-7.085907,27.818215,14.999762,13.461831,10.465102,8.19355,10.812612,20.450357,18.485547,34.188451,28.111155,16.504462,22.966481,8.109218,0.870623,9.314025,7.20052,13.697939,7.426888,11.023235,4.815828,3.137915,20.341045,14.509794,18.32214,37.190528,18.689131,27.110798,32.583608,45.36018,29.672252,34.511885,32.922564,5.054532,73.986206,97.224697,177.65329,25.158652,-35.302114,-45.786562,-62.602311,9.772586,14.462549,,10.948561,,40.468114,29.390861,-0.75843,13.373475,19.782,26.475572,-7.474471,-17.618858,48.812132,,15.536363,46.04998,41.821723,
成长能力,归属母公司净利润增长率,-7.151564,-11.02383,-3.867573,44.686689,-25.5134,-30.150319,-34.103419,-60.511573,424.29165,782.32183,216.595698,177.541935,-403.587809,-347.94178,-599.112037,-162.305797,193.742519,151.358279,139.017575,58.688915,-113.631557,-114.266795,-152.603557,-427.713398,-41.60021,-20.162205,-23.193349,-69.767604,40.683169,22.946245,17.03125,66.817935,17.595388,4.969479,6.750536,-19.13778,19.038877,11.569313,40.913669,303.699318,41.362971,36.873929,10.434405,5.337791,45.50093,40.012654,55.270993,660.049851,-40.082035,-41.538635,-48.04122,-28.227608,-6.293415,1.258547,0.542247,-66.745807,10.880927,30.606286,43.418588,83.158296,44.517294,15.693667,25.696297,-57.257642,-15.223004,2.136076,1.406138,2.950827,24.713798,12.998101,10.804676,-702.807949,11.603906,37.579987,46.389316,107.987441,101.533113,28.477348,85.38525,62.597439,1490.214022,45.546943,46.845644,4.909413,261.56158,256.904229,130.866004,41.416403,-339.957755,-187.192118,-483.142898,-24.480673,-44.32054,,-44.388236,,0.168034,2.193241,-46.913879,-44.693155,13.332951,35.178734,1.489448,-11.621282,17.01424,,47.790103,48.23232,16.882004,
收益质量,经营活动净现金/销售收入,0.315946,0.326253,0.248337,0.147133,0.270133,0.288825,0.21129,-0.07114,0.374664,0.464869,0.409869,0.388887,0.026673,0.142852,-0.574727,-0.539771,0.104818,0.115219,0.109434,-0.139751,-0.001398,-0.166682,-0.79346,-1.841222,0.265215,0.30279,0.176358,-0.207279,0.282315,0.348401,0.23853,-0.092544,0.342722,0.360017,0.340437,0.18437,0.291716,0.293517,0.217814,-0.039149,0.38159,0.352647,0.163567,-0.066721,0.274567,0.272332,0.13069,-0.400341,0.186016,0.17391,0.035091,-0.363866,0.196223,0.166646,0.045219,-0.559278,0.173095,0.101045,0.004257,-0.540494,0.176558,0.235113,0.242986,-0.21062,0.032256,0.120754,-0.023247,-0.816969,0.185572,0.176939,0.06425,-0.198385,0.265838,0.41618,0.342334,-0.067511,0.271858,0.304565,0.315392,-0.064407,0.244852,0.437869,0.312819,-0.254182,0.399029,0.450051,0.406173,0.536247,0.079898,-0.203684,-0.486465,-0.44826,0.272218,,0.183716,,0.33822,0.38504,0.163613,-0.144499,0.225909,0.131733,0.226741,,,,,,,
收益质量,经营性现金净流量/营业总收入,0.315946,0.326253,0.248337,0.147133,0.270133,0.288825,0.21129,-0.07114,0.374664,0.464869,0.409869,0.388887,0.026673,0.142852,-0.574727,-0.539771,0.104818,0.115219,0.109434,-0.139751,-0.001398,-0.166682,-0.79346,-1.841222,0.265215,0.30279,0.176358,-0.207279,0.282315,0.348401,0.23853,-0.092544,0.342722,0.360017,0.340437,0.18437,0.291716,0.293517,0.217814,-0.039149,0.38159,0.352647,0.163567,-0.066721,0.274567,0.272332,0.13069,-0.400341,0.186016,0.17391,0.035091,-0.363866,0.196223,0.166646,0.045219,-0.559278,0.173095,0.101045,0.004257,-0.540494,0.176558,0.235113,0.242986,-0.21062,0.032256,0.120754,-0.023247,-0.816969,0.185572,0.176939,0.06425,-0.198385,0.265838,0.41618,0.342334,-0.067511,0.268968,0.302741,0.312283,-0.063072,0.242576,0.434695,0.310201,-0.252334,0.394198,0.448838,0.404898,0.534334,0.079111,-0.203237,-0.484867,-0.444247,0.269816,,0.183209,,0.334951,0.382857,0.163265,-0.143498,0.224993,0.131545,0.225291,,,,,,,
收益质量,成本费用率,76.017284,71.722151,76.278712,81.827126,71.486997,67.441886,72.837737,83.469734,67.179235,60.723886,68.194749,74.957397,125.654041,113.395415,194.04562,162.642398,102.319412,94.987697,91.479841,120.844623,110.980232,112.901774,152.09871,222.448929,68.952439,61.328384,66.027376,83.431382,68.895912,60.348681,66.771734,82.841325,68.006882,62.156463,61.389897,73.867258,68.195527,62.523596,66.12943,74.270852,69.407985,62.287335,70.767583,89.79435,72.64187,67.137937,69.832214,86.698089,76.762763,76.571116,80.105987,95.089283,77.035669,71.476635,71.565105,95.556396,72.639381,68.130095,69.402242,94.963104,74.262794,69.634877,75.786142,101.199166,72.99073,68.479426,71.937907,97.883803,70.725453,66.198097,70.088057,98.37235,70.150965,64.145835,68.958464,93.42759,72.605409,68.202583,74.327388,101.578774,75.345968,69.821929,79.607949,120.829243,74.766723,71.085679,81.24787,122.178579,103.78649,109.169489,163.55366,153.536284,85.20277,74.313516,81.234542,149.743685,75.074099,78.500875,74.943536,73.529897,64.256116,64.45148,57.538296,58.643969,63.760902,,55.483675,59.175767,60.549457,60.399754
收益质量,期间费用率,22.882037,20.325771,21.711453,21.064833,23.263298,20.854749,23.046449,22.941214,21.200898,18.149928,20.872808,22.705074,46.010294,37.326629,68.464234,54.549556,37.949613,32.482936,33.593938,40.789325,44.789057,36.835452,55.859355,81.291149,24.923035,18.616928,20.116723,26.519742,23.035049,17.474904,20.268596,25.935017,18.639945,14.326131,14.469168,19.570775,18.720522,15.151174,16.234141,18.622641,19.284548,14.542218,16.212895,23.924118,21.410301,16.681936,15.685731,20.035332,24.002192,14.4686,14.863357,18.720921,17.0018,12.467265,12.263166,19.333399,15.401839,11.192467,11.422461,19.990226,14.943871,11.288989,13.12512,23.293702,15.696956,10.617259,13.140457,23.483382,14.609571,11.678484,12.685333,27.585338,14.638227,11.905738,13.560371,28.155748,13.666926,11.418276,13.061685,32.208075,14.620747,15.68999,20.189733,35.366214,22.139056,18.057263,22.970089,37.414724,35.642164,36.88054,65.228716,52.770837,23.860064,16.851258,21.743345,121.93969,22.134535,19.212767,24.381376,20.831427,16.428781,11.620559,8.059191,50.636468,54.490681,,45.735546,36.91417,37.686085,40.084186
收益质量,销售成本率,53.135247,51.39638,54.567258,60.762292,48.223699,46.587137,49.791288,60.528519,45.978337,42.573957,47.321941,52.252322,79.643746,76.068785,125.581385,108.092841,64.369798,62.50476,57.885902,80.055297,66.191175,76.066321,96.239355,141.15778,44.029404,42.711456,45.910652,56.91164,45.860862,42.873776,46.503137,56.906308,49.366937,47.830332,46.920728,54.296482,49.475004,47.372421,49.895288,55.64821,50.123436,47.745117,54.554687,65.870232,51.231569,50.456,54.146482,66.662756,52.760571,62.102515,65.24263,76.368362,60.033868,59.009369,59.301939,76.222996,57.237542,56.937628,57.97978,74.972878,59.318922,58.345888,62.661021,77.905463,57.293774,57.862166,58.797449,74.40042,56.115881,54.519612,57.402724,70.787012,55.512737,52.240097,55.398092,65.271842,58.938483,56.784307,61.265702,69.370699,60.72522,54.131939,59.418216,85.463029,52.627666,53.028415,58.27778,84.763854,68.144325,72.288949,98.324943,100.765446,61.342705,57.462258,59.491196,27.803994,52.939563,59.288108,50.56216,52.69847,47.827335,52.830921,49.479104,8.007501,9.27022,,9.748128,22.261596,22.863372,20.315568
收益质量,经营活动净现金/归属母公司的净利润,2.278558,1.976116,1.844419,1.607213,1.656025,1.431301,1.338564,-0.938651,1.709344,1.634986,1.717759,2.035002,,,,,2.158546,3.130859,1.461475,,,,,,1.252645,1.116496,0.764251,-2.323587,0.785596,0.985469,0.743605,-0.290945,1.476561,1.385631,1.321407,1.071817,1.38303,1.11139,0.910291,-0.204224,2.147477,1.475635,0.863403,-1.005419,1.955059,1.416501,0.721904,-6.438449,1.673911,1.366853,0.33661,,1.505477,0.897558,0.242563,,1.082135,0.485697,0.020786,,1.104467,1.225414,1.43598,,0.22762,0.624995,-0.140433,,1.100588,0.85566,0.367154,,1.830334,2.048404,2.068,-17.283273,1.60097,1.802474,2.36349,,2.451688,2.615928,3.282723,,3.155904,2.922628,4.733674,,,,,,4.874958,,2.439465,,2.943848,2.555217,1.023244,-0.756408,0.754296,0.338261,0.714632,,,,,,,
收益质量,所得税/利润总额,36.600225,32.577643,34.204114,40.164426,32.845344,30.192601,32.621003,42.879057,29.745371,20.115546,16.11887,14.447322,,,,,48.683986,33.350227,21.506347,,,,,,28.819737,25.019491,25.407093,31.316411,25.772139,24.312473,24.737681,27.793859,26.652751,24.289616,25.162841,27.977584,26.499177,24.635416,24.281713,20.68284,27.849336,25.971464,25.74463,32.718507,27.761334,27.412735,24.950656,21.888922,30.41751,26.724396,27.883053,523.174405,27.243084,21.006108,22.759495,212.433825,27.69006,23.761565,23.502738,145.739674,22.708381,27.6364,25.572712,,29.528829,26.202237,27.326205,,27.205259,25.060218,26.031682,,38.402521,32.194407,34.061561,86.321587,33.969058,37.291415,37.625072,,40.37761,34.524864,38.381057,,40.208473,34.263728,36.525697,,,,,,54.147286,39.839433,40.86043,,39.669947,22.283699,18.860827,33.204698,33.698661,30.997221,28.749952,15.0,14.120309,12.864489,14.12999,27.543318,27.317739,15.858649
财务风险,流动比率,2.686402,3.461769,3.593161,3.897306,3.87437,4.851563,4.316584,4.168465,3.943828,4.637669,4.655395,4.743305,4.217105,5.399518,5.646633,5.646451,5.132333,6.349924,6.628465,5.752263,5.799849,8.821497,6.852693,8.425072,6.444658,5.795405,5.719686,6.936125,5.507864,5.613397,4.599512,6.344213,5.543277,3.538528,2.993877,3.481322,3.160264,2.498782,2.063964,2.122063,1.886414,1.910817,1.220313,1.12444,1.099628,1.179256,1.071977,1.045085,1.029509,1.048945,1.079053,0.884407,0.892013,1.015848,1.041224,0.980333,1.080878,1.166715,1.196063,1.161823,1.292629,1.532919,1.425418,1.280507,1.359203,1.425275,1.294317,1.254368,1.329274,1.250092,1.310172,1.26011,1.49844,1.595566,1.051776,1.173391,1.620942,2.03639,1.846199,2.041653,2.064416,1.755119,1.627978,1.710743,1.85185,1.68213,1.595345,1.335084,0.001481,1.63207,1.258667,1.33868,1.572152,1.883449,1.828092,1.905143,1.780414,2.14224,3.198896,2.434854,3.208652,3.920082,3.356839,8.596793,6.83062,6.331215,2.298775,0.604488,0.608667,0.850361
财务风险,速动比率,2.612745,3.387709,3.517937,3.811422,3.781671,3.877905,3.435694,3.371084,3.232295,3.849896,3.801399,3.8591,3.425352,4.560792,4.733033,5.536555,5.039962,6.246245,6.531494,5.666863,5.718568,8.695971,6.738107,8.299187,6.358967,5.724111,5.643544,6.851593,5.444309,5.552779,4.548453,6.269169,5.488107,2.377384,1.839642,2.079649,1.885976,1.560905,1.25622,1.223766,1.111128,1.027486,0.370635,0.288252,0.334177,0.346876,0.284297,0.226927,0.318934,0.310998,0.29095,0.264508,0.294542,0.353777,0.326457,0.320317,0.34088,0.434414,0.490326,0.497154,0.598288,0.747685,0.747685,0.570651,0.617532,0.776427,0.623505,0.5237,0.738954,0.721577,0.793583,1.215391,1.458093,1.551129,1.012365,1.117381,1.567148,1.987461,1.795874,1.969865,2.001337,1.706978,1.577588,1.649791,1.791026,1.625373,1.528107,1.280129,-0.062314,1.563886,1.201515,1.305815,1.526937,1.841855,1.784801,1.849584,1.733143,2.09678,3.136798,2.399233,3.152697,3.854848,3.302207,8.458064,6.731562,6.331215,2.232448,0.540765,0.547099,0.774468
财务风险,保守速动比率,2.382663,3.133701,3.239983,3.527572,3.568994,3.506891,3.114314,3.071887,3.131271,3.253358,3.048912,3.370671,3.30645,3.49106,3.669333,4.336719,4.855378,5.322267,5.822949,5.073573,5.537731,8.396659,4.595008,5.807391,5.372148,2.676525,2.817642,2.541188,4.537477,2.276043,1.883944,1.695092,1.791253,1.122006,1.016255,1.945256,1.740721,1.187021,0.937178,0.870013,0.774055,0.989832,0.336022,0.251464,0.307306,0.321322,0.250692,0.197366,0.294476,0.274281,0.246181,0.236617,0.275127,0.321829,0.27818,0.275595,0.26702,0.3538,0.428092,0.418882,0.510443,0.601166,0.601661,0.369235,0.423321,0.69635,0.569191,0.484165,0.692402,0.663942,0.715241,0.804688,1.077258,1.462222,0.762985,0.807482,1.466376,1.434907,1.367871,1.764053,1.85006,1.561984,1.40942,1.480162,1.613994,1.342368,1.25783,1.014403,1.102643,0.99788,0.952513,1.032802,1.353269,1.451885,1.146394,1.366113,1.41833,1.291792,2.128822,0.907587,1.697601,3.277701,2.836086,6.972935,5.678645,,1.899279,0.349236,0.413395,0.619952
财务风险,资产负债率,18.51723,15.523616,15.29573,14.725552,15.233597,15.218981,16.110083,16.647472,17.02375,17.573513,17.291618,16.811095,17.636846,16.423609,16.013249,11.222483,12.357019,11.16245,11.204281,12.498072,8.747597,6.095396,7.911816,7.05432,8.94991,9.409463,9.534227,8.154817,10.10872,10.246471,12.580127,9.980741,12.037622,17.340517,18.996658,17.07707,18.110708,20.687918,24.093556,22.308337,25.443215,24.331687,31.288272,32.378482,34.415351,33.452055,36.123286,35.87549,38.691917,38.900463,39.969123,42.608407,43.082566,41.265033,41.795196,45.138274,41.67084,40.361569,40.993649,39.053998,37.16766,37.925154,38.42029,35.759388,32.878594,31.866205,31.604191,29.749231,31.753607,32.286117,30.094642,32.443963,33.206596,26.378829,34.013881,30.057663,28.197089,28.17908,29.811918,25.042069,25.277645,30.235137,29.818138,23.485631,23.351299,25.272498,22.563294,26.028368,23.133983,22.85795,23.207753,26.644974,23.871907,28.491098,29.585436,29.758416,30.073538,34.076546,24.16467,21.767922,15.716978,13.338311,17.183393,7.621695,9.141884,8.938058,24.29918,55.938069,61.289239,52.395456
财务风险,权益乘数,1.25513,1.233054,1.231851,1.226606,1.245275,1.246505,1.253783,1.257025,1.267529,1.271037,1.269466,1.268716,1.236338,1.228865,1.225448,1.191562,1.173655,1.163178,1.163539,1.172539,1.143811,1.121767,1.133611,1.127968,1.14565,1.14693,1.148349,1.1391,1.153284,1.154426,1.158462,1.141166,1.197226,1.234362,1.247053,1.232088,1.288213,1.320006,1.343728,1.328146,1.43668,1.425927,1.509095,1.521351,1.596202,1.584081,1.617977,1.615192,1.712905,1.714573,1.730334,1.76962,1.756712,1.727181,1.735381,1.787763,1.675759,1.653868,1.662024,1.632441,1.56285,1.574663,1.577711,1.54113,1.498113,1.487963,1.485035,1.464142,1.499685,1.505365,1.480301,1.505831,1.483872,1.399057,1.490702,1.441899,1.375432,1.373743,1.389038,1.342441,1.34258,1.39255,1.386479,1.325741,1.329272,1.352272,1.326194,1.355585,1.313746,1.321626,1.324489,1.34527,1.387824,1.431465,1.443285,1.446393,1.394272,1.437501,1.270518,1.248792,1.210338,1.193503,1.165236,1.099517,1.181214,1.192781,1.504575,2.402835,2.365612,2.100639
财务风险,权益乘数(含少数股权的净资产),1.227253,1.183762,1.180578,1.172684,1.179712,1.179509,1.192038,1.199723,1.205164,1.213202,1.209067,1.202083,1.214135,1.19651,1.190663,1.126411,1.140992,1.12565,1.12618,1.142831,1.095861,1.06491,1.085915,1.075897,1.098296,1.103868,1.10539,1.088788,1.112454,1.114162,1.143904,1.110873,1.136849,1.209782,1.234516,1.205939,1.22116,1.260841,1.317411,1.287139,1.341259,1.321557,1.455355,1.478819,1.524747,1.502676,1.565515,1.559466,1.631106,1.636673,1.665809,1.742415,1.75693,1.702563,1.718071,1.822764,1.714408,1.676771,1.694732,1.640796,1.591537,1.610958,1.623911,1.556647,1.489837,1.4677,1.462077,1.423471,1.465278,1.476802,1.430505,1.480252,1.497153,1.358304,1.51547,1.429749,1.392701,1.392351,1.424743,1.334081,1.338287,1.433386,1.424869,1.306944,1.304653,1.338195,1.291377,1.351869,1.300965,1.296309,1.302214,1.363233,1.313575,1.398427,1.42016,1.423658,1.430073,1.51691,1.318646,1.278248,1.186478,1.153912,1.207487,1.082505,1.100617,1.098153,1.320989,2.269532,2.583261,2.100639
财务风险,产权比率,23.680467,19.175378,18.858012,18.000992,18.749663,18.76708,20.093092,20.872176,21.454906,22.26546,21.851741,21.216692,22.497129,20.689133,20.072903,13.286642,14.816552,13.15197,13.208871,14.963144,10.042919,6.727903,8.919159,7.873482,10.199671,10.746491,10.913998,9.185234,11.645946,11.828211,14.624864,11.257449,13.897231,21.311719,23.832911,20.907996,22.453338,26.621397,32.091547,29.022709,34.496934,32.530523,46.138896,48.496893,53.173174,50.912664,57.266408,56.62841,63.925211,64.405212,67.332709,75.051925,76.591972,71.037714,72.603177,83.148351,72.236617,68.320795,70.147787,64.699208,59.774602,61.867914,63.064237,56.263519,49.615231,47.467606,46.898731,42.89966,47.190913,48.323939,43.582273,48.562089,50.302204,36.060629,52.239268,43.215638,39.52284,39.436882,42.684307,33.551231,34.000208,43.579667,42.740727,30.82492,30.618328,34.246622,29.429164,35.45077,30.320959,30.332564,30.938816,36.640252,31.682321,40.282218,42.502995,42.9298,43.609144,52.382019,32.316704,28.194159,18.870716,15.581235,20.974884,8.312154,10.137611,10.032011,32.098966,126.953286,158.326106,110.063983
财务风险,现金比率,2.339164,3.06714,3.164315,3.454294,3.502445,3.42547,3.046899,3.021524,3.086624,3.169461,2.971538,3.31893,3.270143,3.422949,3.638933,4.306027,4.825151,5.265399,5.752058,5.023874,5.495062,8.304019,4.536774,5.699425,5.252083,2.511574,2.616856,2.323987,4.395458,2.09785,1.752659,1.52729,1.63632,1.038591,0.946913,1.889396,1.676844,1.123606,0.873384,0.817818,0.721284,0.930416,0.295071,0.221874,0.268729,0.282101,0.212569,0.162657,0.262812,0.230753,0.196106,0.20057,0.235809,0.282603,0.23561,0.254919,0.224594,0.30686,0.369796,0.373913,0.455522,0.539618,0.524276,0.306125,0.339061,0.582137,0.476698,0.381975,0.608773,0.582366,0.614557,0.708531,0.998882,1.359161,0.669529,0.750548,1.360256,1.320533,1.239444,1.682749,1.731871,1.449355,1.313423,1.389422,1.523156,1.274482,1.192789,0.975793,1.051337,0.888095,0.874605,0.972032,1.252832,1.126492,0.972301,1.206378,1.285985,1.027107,1.788096,0.751526,1.399171,2.917409,2.638303,6.397179,5.27583,,1.682122,0.148949,0.231256,0.349553
营运能力,应收账款周转率,63.192448,42.072293,25.137234,11.541793,61.413642,40.157013,25.702733,11.573116,83.9466,45.037477,30.427553,16.850254,55.161153,31.010423,19.416763,12.312838,67.20972,40.763558,24.795113,9.09804,26.302619,14.417231,6.987079,2.104891,32.507356,20.501636,11.052436,4.394739,26.996136,18.220105,11.07239,4.260384,35.094548,28.845424,16.526263,7.669776,36.410481,23.51716,12.925571,6.220659,35.159641,25.056002,15.90417,6.010547,37.298508,28.253716,15.439095,5.897933,27.907805,22.10204,12.524724,4.629319,35.683802,28.025726,14.825228,5.017731,35.316398,26.13623,13.164841,4.344707,32.064749,21.512748,10.877323,2.993047,25.95254,17.692075,11.089541,2.935719,30.201263,22.067811,11.46131,2.819201,34.023665,22.4677,13.60015,4.672746,30.591635,21.830707,11.185704,3.291016,31.938873,19.624027,12.236517,2.711786,39.324694,30.521537,19.387619,5.446546,19.717806,9.523404,3.924522,2.075413,19.807916,6.941331,5.952758,1.264455,12.277137,3.974175,7.524376,3.974283,9.449159,3.916611,10.086229,3.68492,11.816348,,8.906198,8.709194,7.243733,5.365051
营运能力,应收账款周转天数,5.696883,6.417525,7.160692,7.797748,5.861889,6.723607,7.003146,7.776643,4.28844,5.995007,5.91569,5.341165,6.526331,8.706749,9.270339,7.309443,5.356368,6.623563,7.259494,9.89224,13.686849,18.727589,25.761836,42.757554,11.074416,13.16968,16.286001,20.479028,13.335241,14.818794,16.256651,21.124853,10.258003,9.360236,10.891754,11.734371,9.887262,11.480977,13.925883,14.467919,10.239012,10.77586,11.317785,14.973677,9.65186,9.556264,11.658714,15.259582,12.899617,12.216066,14.371573,19.441301,10.088611,9.634005,12.141465,17.936391,10.193564,10.330487,13.672781,20.714857,11.227282,12.550697,16.548188,30.069683,13.871474,15.261069,16.23151,30.656878,11.920031,12.235014,15.70501,31.923934,10.58087,12.017251,13.235147,19.260619,11.767922,12.367899,16.091968,27.347175,11.27153,13.758643,14.710067,33.188448,9.154552,8.846212,9.284275,16.524231,18.257609,28.351206,45.86545,43.364855,18.174551,38.897433,30.238083,71.176877,29.322796,45.292412,47.844495,45.291186,38.098626,45.958092,35.692228,48.847726,30.466265,34.982365,40.421286,41.335623,49.698127,67.100941
营运能力,存货周转率,21.826759,17.369806,11.646389,5.474813,3.714551,1.378807,0.893383,0.441018,2.123788,1.497509,0.995442,0.459783,3.054967,2.46552,1.524778,4.040777,17.928945,13.62162,8.996869,4.011845,16.745051,11.717267,6.307346,3.356838,25.631874,19.923391,12.403501,5.995581,30.952102,22.461567,13.830666,6.094808,2.184344,0.835013,0.427597,0.18709,1.06251,0.755779,0.474154,0.218436,1.037305,0.702889,0.427734,0.169877,0.899239,0.648218,0.385236,0.168012,0.802741,0.85245,0.526869,0.218251,1.315378,0.964377,0.514105,0.168491,1.330834,1.042684,0.61916,0.238597,1.791702,1.163329,0.776478,0.23519,1.855691,1.644614,0.910462,0.307354,4.244431,3.295379,2.18182,4.089739,34.549764,23.685537,15.242745,4.169183,34.602899,26.079777,15.199683,3.362591,32.756002,20.689386,12.414639,3.455756,23.738661,16.202694,9.821354,3.400378,19.248192,12.9812,6.769072,4.293001,30.420315,21.48558,12.156486,0.998118,25.993925,13.34249,20.592446,10.164223,20.228724,9.396054,19.074495,1.212938,4.002995,,2.787374,5.925787,5.305105,3.883312
营运能力,存货周转天数,16.493515,15.544214,15.455433,16.438915,96.916146,195.821449,201.481132,204.072882,169.508402,180.299367,180.824018,195.744172,117.84086,109.510323,118.049916,22.272942,20.079262,19.82143,20.006958,22.433563,21.498888,23.042915,28.538151,26.810941,14.045012,13.551909,14.51203,15.011055,11.630873,12.020532,13.014557,14.766665,164.809195,323.348114,420.956441,481.051441,338.820211,357.246895,379.622911,412.019714,347.053178,384.1285,420.822213,529.793837,400.338161,416.526114,467.245322,535.67493,448.463053,316.733889,341.640322,412.367719,273.685483,279.973483,350.122937,534.152019,270.506994,258.947097,290.716389,377.203999,200.926188,232.092439,231.815896,382.668259,193.997735,164.172222,197.701659,292.82155,84.817012,81.93291,82.499925,22.006289,10.419752,11.399361,11.808896,21.586961,10.403752,10.352848,11.842351,26.765074,10.990351,13.050169,14.499011,26.043501,15.165134,16.663894,18.327411,26.46764,18.703055,20.799309,26.591532,20.964352,11.834196,12.566567,14.80691,90.169677,13.849389,13.490735,17.482138,17.709174,17.796475,19.156976,18.873369,148.39997,89.932652,,129.153805,60.751414,67.859153,92.70436
营运能力,总资产周转率,0.356213,0.263685,0.163854,0.070295,0.339194,0.248572,0.148699,0.059503,0.355172,0.263506,0.157852,0.064668,0.154445,0.115674,0.041917,0.025529,0.178257,0.134714,0.092632,0.029569,0.150247,0.093229,0.041357,0.0143,0.332276,0.256574,0.153518,0.056319,0.341911,0.248533,0.143988,0.051761,0.359206,0.255052,0.142477,0.053256,0.363261,0.302187,0.180408,0.075512,0.445776,0.330216,0.191634,0.063638,0.439063,0.329487,0.184984,0.066416,0.384302,0.354843,0.20746,0.072056,0.577833,0.4459,0.240041,0.061419,0.596432,0.466271,0.263615,0.072676,0.67904,0.485545,0.280003,0.068161,0.631234,0.493816,0.271305,0.072522,0.691245,0.502496,0.277544,0.069436,0.761159,0.512904,0.336862,0.085159,0.775947,0.61026,0.346274,0.073717,0.742469,0.508988,0.281582,0.052242,0.570349,0.386825,0.216914,0.050686,0.314009,0.193798,0.074353,0.037112,0.448367,0.322781,0.179437,0.03232,0.398977,0.166846,0.321765,0.1527,0.359027,0.147634,0.324077,0.129879,0.459176,0.204485,0.573065,0.922864,0.829326,0.73012
营运能力,总资产周转天数,1010.630066,1023.947563,1098.536295,1280.308109,1061.339383,1086.200217,1210.494835,1512.521339,1013.591333,1024.641666,1140.308361,1391.722259,2330.923904,2334.128433,4294.115765,3525.265837,2019.545251,2004.234046,1943.161869,3043.631603,2396.04569,2896.077202,4352.301972,6293.696687,1083.434276,1052.325498,1172.496399,1598.039397,1052.902795,1086.37225,1250.095554,1738.74041,1002.210006,1058.605312,1263.354149,1689.930363,991.02191,893.486219,997.735348,1191.857172,807.579184,817.645855,939.286369,1414.235681,819.927807,819.454943,973.05472,1355.077643,936.761642,760.899616,867.634325,1249.019699,623.017257,605.516732,749.86903,1465.33795,603.589149,579.061593,682.812219,1238.363767,530.160016,556.075632,642.848075,1320.387329,570.311301,546.761547,663.459333,1240.988625,520.798722,537.31712,648.544276,1296.149774,472.962591,526.413756,534.342322,1056.84066,463.948894,442.434121,519.818672,1220.882775,484.868386,530.46341,639.244418,1722.735591,631.191756,697.988411,829.821771,1775.624471,1146.463127,1393.198412,2420.869151,2425.056901,802.913009,836.479849,1003.134201,2784.617611,902.306446,1078.837872,1118.828473,1178.776311,1002.707634,1219.224371,1110.845212,1385.896106,784.011433,880.256424,628.199903,390.089791,434.087183,493.069461
营运能力,流动资产周转率,1.054399,0.765804,0.479464,0.207335,0.854826,0.563854,0.344149,0.13537,0.848513,0.625381,0.390174,0.164611,0.401477,0.292203,0.109429,0.069871,0.444004,0.329941,0.222569,0.072267,0.34518,0.211786,0.0975,0.033459,0.722593,0.555973,0.335009,0.124783,0.725287,0.54316,0.312679,0.116064,0.854017,0.634216,0.359097,0.138835,0.874129,0.62583,0.381004,0.163699,1.081292,0.819404,0.545844,0.185438,1.216568,0.896719,0.50669,0.185001,1.034542,0.94281,0.564851,0.195798,1.483613,1.090694,0.59434,0.150043,1.437621,1.077202,0.60485,0.176455,1.633601,1.047384,0.625695,0.166075,1.619599,1.279562,0.744977,0.209593,1.735191,1.288757,0.724901,0.177601,1.885806,1.408395,1.00036,0.258559,1.890201,1.240597,0.720679,0.162452,1.72008,1.143329,0.670719,0.139193,1.649895,1.120849,0.697534,0.164116,1.816882,0.624468,0.248172,0.114728,1.382771,0.901159,0.5119,0.099967,1.130755,0.459875,0.751159,0.308788,0.714989,0.292983,0.598355,0.238907,0.870341,0.3908,1.319022,2.900838,2.337453,1.891864
营运能力,流动资产周转天数,341.42644,352.570401,375.418925,434.079207,421.138164,478.847299,523.028764,664.84255,424.271327,431.736283,461.332459,546.741115,896.68879,924.014755,1644.901395,1288.069932,810.803378,818.328119,808.7371,1245.378515,1042.931861,1274.871553,1846.146481,2689.827366,498.205543,485.634348,537.298268,721.251581,496.354987,497.090512,575.669468,775.429935,421.536992,425.722173,501.256945,648.249008,411.838301,431.426879,472.43545,549.78639,332.934762,329.507617,329.764123,485.336163,295.914378,301.097553,355.246672,486.482658,347.979961,286.377854,318.667704,459.656078,242.650734,247.548787,302.856506,599.827584,250.413592,250.6492,297.594308,510.044332,220.372017,257.785045,287.680012,541.922508,222.277119,211.009612,241.617879,429.403389,207.469842,209.504109,248.309617,506.752822,190.899748,191.707542,179.935178,348.082655,190.455911,217.636993,249.764372,554.007964,209.292508,236.152317,268.36835,646.581838,218.195679,240.88881,258.051829,548.389574,198.141628,432.367894,725.30317,784.459875,260.346725,299.614023,351.630574,900.295098,318.37111,391.409948,479.258805,582.923636,503.50401,614.369836,601.649082,753.430703,413.630602,460.593288,272.929292,124.102035,154.013784,190.288487
营运能力,应付账款周转率,4.416829,3.977125,2.580334,1.229221,2.45172,3.64311,2.22878,1.114581,4.276613,3.219098,2.12871,0.920237,4.848643,4.619213,3.516604,0.905688,4.125108,4.293976,2.705434,1.218429,4.784275,4.673829,2.661935,1.225289,7.758588,4.993135,3.862138,,7.878736,,3.969195,1.677954,1.02116,5.65782,3.52136,1.401,5.271874,3.853711,2.289119,0.971544,3.603184,2.795768,1.621416,0.677941,3.648785,4.128224,2.41063,1.10746,3.740655,4.893733,3.00881,1.143428,7.305376,10.227251,5.883838,2.1646,14.111903,13.228197,9.317601,2.198864,16.254569,19.637915,12.497109,3.513859,21.772493,17.949614,12.537946,4.545078,31.147801,25.778166,13.805221,3.041166,25.31821,17.79582,10.803375,3.923333,26.111027,19.55972,11.241595,3.099343,26.356092,15.46755,10.45262,2.964955,25.675505,22.176595,15.507065,5.397715,19.989926,11.042455,5.510725,3.011311,22.921351,12.955998,8.188412,0.801802,26.246264,7.796118,22.535801,7.870369,24.413995,13.746393,33.131732,2.243448,7.854306,,4.879852,7.094024,6.314466,5.646168
